SAMEA5754844	ERR3414595	ERX3438241	SAMEA5754844	ERS3558300	PRJEB33339	ERP116123		ERA2029351	UPSC-0153-R0001	UPSC-0153-E0001	UPSC-0153-S0001	UPSC-0153	SINGLE	RANDOM	TRANSCRIPTOMIC	RNA-Seq	P6960_101	Illumina HiSeq 2500	ILLUMINA	654109221.0	12825671.0	3702	Arabidopsis thaliana	P6960_101	Illumina HiSeq 2500 sequencing; Single-end sequencing of Arabidopsis thaliana leaf before and during heat or cold or salt stress in four mediator mutants and WT plants	Specific functions for Mediator complex subunits from different modules in the transcriptional response of Arabidopsis thaliana to abiotic stress	Illumina HiSeq 2500 sequencing; Single-end sequencing of Arabidopsis thaliana leaf before and during heat or cold or salt stress in four mediator mutants and WT plants	WT_CON_A	7178f8a07575e2892b1a465b3251d777	393833063	ftp.sra.ebi.ac.uk/vol1/fastq/ERR341/005/ERR3414595/ERR3414595.fastq.gz	ftp.sra.ebi.ac.uk/vol1/fastq/ERR341/005/ERR3414595/ERR3414595.fastq.gz	fasp.sra.ebi.ac.uk:/vol1/fastq/ERR341/005/ERR3414595/ERR3414595.fastq.gz
SAMEA5754844	ERR3414596	ERX3438241	SAMEA5754844	ERS3558300	PRJEB33339	ERP116123		ERA2029351	UPSC-0153-R0002	UPSC-0153-E0001	UPSC-0153-S0001	UPSC-0153	SINGLE	RANDOM	TRANSCRIPTOMIC	RNA-Seq	P6960_101	Illumina HiSeq 2500	ILLUMINA	627309027.0	12300177.0	3702	Arabidopsis thaliana	P6960_101	Illumina HiSeq 2500 sequencing; Single-end sequencing of Arabidopsis thaliana leaf before and during heat or cold or salt stress in four mediator mutants and WT plants	Specific functions for Mediator complex subunits from different modules in the transcriptional response of Arabidopsis thaliana to abiotic stress	Illumina HiSeq 2500 sequencing; Single-end sequencing of Arabidopsis thaliana leaf before and during heat or cold or salt stress in four mediator mutants and WT plants	WT_CON_A	fd22a55c7c3bdcc5ef83d031d78ed058	375625670	ftp.sra.ebi.ac.uk/vol1/fastq/ERR341/006/ERR3414596/ERR3414596.fastq.gz	ftp.sra.ebi.ac.uk/vol1/fastq/ERR341/006/ERR3414596/ERR3414596.fastq.gz	fasp.sra.ebi.ac.uk:/vol1/fastq/ERR341/006/ERR3414596/ERR3414596.fastq.gz
SAMEA5754845	ERR3414597	ERX3438242	SAMEA5754845	ERS3558301	PRJEB33339	ERP116123		ERA2029351	UPSC-0153-R0003	UPSC-0153-E0002	UPSC-0153-S0002	UPSC-0153	SINGLE	RANDOM	TRANSCRIPTOMIC	RNA-Seq	P6960_102	Illumina HiSeq 2500	ILLUMINA	596326833.0	11692683.0	3702	Arabidopsis thaliana	P6960_102	Illumina HiSeq 2500 sequencing; Single-end sequencing of Arabidopsis thaliana leaf before and during heat or cold or salt stress in four mediator mutants and WT plants	Specific functions for Mediator complex subunits from different modules in the transcriptional response of Arabidopsis thaliana to abiotic stress	Illumina HiSeq 2500 sequencing; Single-end sequencing of Arabidopsis thaliana leaf before and during heat or cold or salt stress in four mediator mutants and WT plants	WT_CON_B	6fae83811c67dcd7a390359291cc669e	359651502	ftp.sra.ebi.ac.uk/vol1/fastq/ERR341/007/ERR3414597/ERR3414597.fastq.gz	ftp.sra.ebi.ac.uk/vol1/fastq/ERR341/007/ERR3414597/ERR3414597.fastq.gz	fasp.sra.ebi.ac.uk:/vol1/fastq/ERR341/007/ERR3414597/ERR3414597.fastq.gz
SAMEA5754845	ERR3414598	ERX3438242	SAMEA5754845	ERS3558301	PRJEB33339	ERP116123		ERA2029351	UPSC-0153-R0004	UPSC-0153-E0002	UPSC-0153-S0002	UPSC-0153	SINGLE	RANDOM	TRANSCRIPTOMIC	RNA-Seq	P6960_102	Illumina HiSeq 2500	ILLUMINA	571058118.0	11197218.0	3702	Arabidopsis thaliana	P6960_102	Illumina HiSeq 2500 sequencing; Single-end sequencing of Arabidopsis thaliana leaf before and during heat or cold or salt stress in four mediator mutants and WT plants	Specific functions for Mediator complex subunits from different modules in the transcriptional response of Arabidopsis thaliana to abiotic stress	Illumina HiSeq 2500 sequencing; Single-end sequencing of Arabidopsis thaliana leaf before and during heat or cold or salt stress in four mediator mutants and WT plants	WT_CON_B	7fccbeff1ea69be25cab2ec5663355f5	342685634	ftp.sra.ebi.ac.uk/vol1/fastq/ERR341/008/ERR3414598/ERR3414598.fastq.gz	ftp.sra.ebi.ac.uk/vol1/fastq/ERR341/008/ERR3414598/ERR3414598.fastq.gz	fasp.sra.ebi.ac.uk:/vol1/fastq/ERR341/008/ERR3414598/ERR3414598.fastq.gz
SAMEA5754846	ERR3414599	ERX3438243	SAMEA5754846	ERS3558302	PRJEB33339	ERP116123		ERA2029351	UPSC-0153-R0005	UPSC-0153-E0003	UPSC-0153-S0003	UPSC-0153	SINGLE	RANDOM	TRANSCRIPTOMIC	RNA-Seq	P6960_103	Illumina HiSeq 2500	ILLUMINA	591919209.0	11606259.0	3702	Arabidopsis thaliana	P6960_103	Illumina HiSeq 2500 sequencing; Single-end sequencing of Arabidopsis thaliana leaf before and during heat or cold or salt stress in four mediator mutants and WT plants	Specific functions for Mediator complex subunits from different modules in the transcriptional response of Arabidopsis thaliana to abiotic stress	Illumina HiSeq 2500 sequencing; Single-end sequencing of Arabidopsis thaliana leaf before and during heat or cold or salt stress in four mediator mutants and WT plants	WT_CON_C	add6f516c33adb48286da9ec9805440a	357233724	ftp.sra.ebi.ac.uk/vol1/fastq/ERR341/009/ERR3414599/ERR3414599.fastq.gz	ftp.sra.ebi.ac.uk/vol1/fastq/ERR341/009/ERR3414599/ERR3414599.fastq.gz	fasp.sra.ebi.ac.uk:/vol1/fastq/ERR341/009/ERR3414599/ERR3414599.fastq.gz
SAMEA5754846	ERR3414600	ERX3438243	SAMEA5754846	ERS3558302	PRJEB33339	ERP116123		ERA2029351	UPSC-0153-R0006	UPSC-0153-E0003	UPSC-0153-S0003	UPSC-0153	SINGLE	RANDOM	TRANSCRIPTOMIC	RNA-Seq	P6960_103	Illumina HiSeq 2500	ILLUMINA	567057525.0	11118775.0	3702	Arabidopsis thaliana	P6960_103	Illumina HiSeq 2500 sequencing; Single-end sequencing of Arabidopsis thaliana leaf before and during heat or cold or salt stress in four mediator mutants and WT plants	Specific functions for Mediator complex subunits from different modules in the transcriptional response of Arabidopsis thaliana to abiotic stress	Illumina HiSeq 2500 sequencing; Single-end sequencing of Arabidopsis thaliana leaf before and during heat or cold or salt stress in four mediator mutants and WT plants	WT_CON_C	0d7c49704c5bebaa24bc643d7d4c1c38	340455507	ftp.sra.ebi.ac.uk/vol1/fastq/ERR341/000/ERR3414600/ERR3414600.fastq.gz	ftp.sra.ebi.ac.uk/vol1/fastq/ERR341/000/ERR3414600/ERR3414600.fastq.gz	fasp.sra.ebi.ac.uk:/vol1/fastq/ERR341/000/ERR3414600/ERR3414600.fastq.gz
SAMEA5754847	ERR3414601	ERX3438244	SAMEA5754847	ERS3558303	PRJEB33339	ERP116123		ERA2029351	UPSC-0153-R0007	UPSC-0153-E0004	UPSC-0153-S0004	UPSC-0153	SINGLE	RANDOM	TRANSCRIPTOMIC	RNA-Seq	P6960_104	Illumina HiSeq 2500	ILLUMINA	598134426.0	11728126.0	3702	Arabidopsis thaliana	P6960_104	Illumina HiSeq 2500 sequencing; Single-end sequencing of Arabidopsis thaliana leaf before and during heat or cold or salt stress in four mediator mutants and WT plants	Specific functions for Mediator complex subunits from different modules in the transcriptional response of Arabidopsis thaliana to abiotic stress	Illumina HiSeq 2500 sequencing; Single-end sequencing of Arabidopsis thaliana leaf before and during heat or cold or salt stress in four mediator mutants and WT plants	WT_CON_D	f8bc905838d06370f55eeb0b289c7a61	366613937	ftp.sra.ebi.ac.uk/vol1/fastq/ERR341/001/ERR3414601/ERR3414601.fastq.gz	ftp.sra.ebi.ac.uk/vol1/fastq/ERR341/001/ERR3414601/ERR3414601.fastq.gz	fasp.sra.ebi.ac.uk:/vol1/fastq/ERR341/001/ERR3414601/ERR3414601.fastq.gz
SAMEA5754847	ERR3414602	ERX3438244	SAMEA5754847	ERS3558303	PRJEB33339	ERP116123		ERA2029351	UPSC-0153-R0008	UPSC-0153-E0004	UPSC-0153-S0004	UPSC-0153	SINGLE	RANDOM	TRANSCRIPTOMIC	RNA-Seq	P6960_104	Illumina HiSeq 2500	ILLUMINA	572402427.0	11223577.0	3702	Arabidopsis thaliana	P6960_104	Illumina HiSeq 2500 sequencing; Single-end sequencing of Arabidopsis thaliana leaf before and during heat or cold or salt stress in four mediator mutants and WT plants	Specific functions for Mediator complex subunits from different modules in the transcriptional response of Arabidopsis thaliana to abiotic stress	Illumina HiSeq 2500 sequencing; Single-end sequencing of Arabidopsis thaliana leaf before and during heat or cold or salt stress in four mediator mutants and WT plants	WT_CON_D	6ca0b4eb8e75f5169a767846f8c7bb10	348921020	ftp.sra.ebi.ac.uk/vol1/fastq/ERR341/002/ERR3414602/ERR3414602.fastq.gz	ftp.sra.ebi.ac.uk/vol1/fastq/ERR341/002/ERR3414602/ERR3414602.fastq.gz	fasp.sra.ebi.ac.uk:/vol1/fastq/ERR341/002/ERR3414602/ERR3414602.fastq.gz
SAMEA5754848	ERR3414603	ERX3438245	SAMEA5754848	ERS3558304	PRJEB33339	ERP116123		ERA2029351	UPSC-0153-R0009	UPSC-0153-E0005	UPSC-0153-S0005	UPSC-0153	SINGLE	RANDOM	TRANSCRIPTOMIC	RNA-Seq	P6960_105	Illumina HiSeq 2500	ILLUMINA	531295305.0	10417555.0	3702	Arabidopsis thaliana	P6960_105	Illumina HiSeq 2500 sequencing; Single-end sequencing of Arabidopsis thaliana leaf before and during heat or cold or salt stress in four mediator mutants and WT plants	Specific functions for Mediator complex subunits from different modules in the transcriptional response of Arabidopsis thaliana to abiotic stress	Illumina HiSeq 2500 sequencing; Single-end sequencing of Arabidopsis thaliana leaf before and during heat or cold or salt stress in four mediator mutants and WT plants	med9_CON_A	d3b14ea8bddb3c1b1caf1f0be6e7a4af	328144460	ftp.sra.ebi.ac.uk/vol1/fastq/ERR341/003/ERR3414603/ERR3414603.fastq.gz	ftp.sra.ebi.ac.uk/vol1/fastq/ERR341/003/ERR3414603/ERR3414603.fastq.gz	fasp.sra.ebi.ac.uk:/vol1/fastq/ERR341/003/ERR3414603/ERR3414603.fastq.gz
SAMEA5754848	ERR3414604	ERX3438245	SAMEA5754848	ERS3558304	PRJEB33339	ERP116123		ERA2029351	UPSC-0153-R0010	UPSC-0153-E0005	UPSC-0153-S0005	UPSC-0153	SINGLE	RANDOM	TRANSCRIPTOMIC	RNA-Seq	P6960_105	Illumina HiSeq 2500	ILLUMINA	509536155.0	9990905.0	3702	Arabidopsis thaliana	P6960_105	Illumina HiSeq 2500 sequencing; Single-end sequencing of Arabidopsis thaliana leaf before and during heat or cold or salt stress in four mediator mutants and WT plants	Specific functions for Mediator complex subunits from different modules in the transcriptional response of Arabidopsis thaliana to abiotic stress	Illumina HiSeq 2500 sequencing; Single-end sequencing of Arabidopsis thaliana leaf before and during heat or cold or salt stress in four mediator mutants and WT plants	med9_CON_A	5aea0ad5d38d9ce62d92225cbbeb4520	313156833	ftp.sra.ebi.ac.uk/vol1/fastq/ERR341/004/ERR3414604/ERR3414604.fastq.gz	ftp.sra.ebi.ac.uk/vol1/fastq/ERR341/004/ERR3414604/ERR3414604.fastq.gz	fasp.sra.ebi.ac.uk:/vol1/fastq/ERR341/004/ERR3414604/ERR3414604.fastq.gz
SAMEA5754849	ERR3414605	ERX3438246	SAMEA5754849	ERS3558305	PRJEB33339	ERP116123		ERA2029351	UPSC-0153-R0011	UPSC-0153-E0006	UPSC-0153-S0006	UPSC-0153	SINGLE	RANDOM	TRANSCRIPTOMIC	RNA-Seq	P6960_106	Illumina HiSeq 2500	ILLUMINA	615392571.0	12066521.0	3702	Arabidopsis thaliana	P6960_106	Illumina HiSeq 2500 sequencing; Single-end sequencing of Arabidopsis thaliana leaf before and during heat or cold or salt stress in four mediator mutants and WT plants	Specific functions for Mediator complex subunits from different modules in the transcriptional response of Arabidopsis thaliana to abiotic stress	Illumina HiSeq 2500 sequencing; Single-end sequencing of Arabidopsis thaliana leaf before and during heat or cold or salt stress in four mediator mutants and WT plants	med9_CON_B	9e91ca39d2823f40f679959ec9bf4fe0	372932165	ftp.sra.ebi.ac.uk/vol1/fastq/ERR341/005/ERR3414605/ERR3414605.fastq.gz	ftp.sra.ebi.ac.uk/vol1/fastq/ERR341/005/ERR3414605/ERR3414605.fastq.gz	fasp.sra.ebi.ac.uk:/vol1/fastq/ERR341/005/ERR3414605/ERR3414605.fastq.gz
SAMEA5754849	ERR3414606	ERX3438246	SAMEA5754849	ERS3558305	PRJEB33339	ERP116123		ERA2029351	UPSC-0153-R0012	UPSC-0153-E0006	UPSC-0153-S0006	UPSC-0153	SINGLE	RANDOM	TRANSCRIPTOMIC	RNA-Seq	P6960_106	Illumina HiSeq 2500	ILLUMINA	589194177.0	11552827.0	3702	Arabidopsis thaliana	P6960_106	Illumina HiSeq 2500 sequencing; Single-end sequencing of Arabidopsis thaliana leaf before and during heat or cold or salt stress in four mediator mutants and WT plants	Specific functions for Mediator complex subunits from different modules in the transcriptional response of Arabidopsis thaliana to abiotic stress	Illumina HiSeq 2500 sequencing; Single-end sequencing of Arabidopsis thaliana leaf before and during heat or cold or salt stress in four mediator mutants and WT plants	med9_CON_B	adc1e1fdfbc55634ff87108dc10237ff	355354091	ftp.sra.ebi.ac.uk/vol1/fastq/ERR341/006/ERR3414606/ERR3414606.fastq.gz	ftp.sra.ebi.ac.uk/vol1/fastq/ERR341/006/ERR3414606/ERR3414606.fastq.gz	fasp.sra.ebi.ac.uk:/vol1/fastq/ERR341/006/ERR3414606/ERR3414606.fastq.gz
SAMEA5754850	ERR3414607	ERX3438247	SAMEA5754850	ERS3558306	PRJEB33339	ERP116123		ERA2029351	UPSC-0153-R0013	UPSC-0153-E0007	UPSC-0153-S0007	UPSC-0153	SINGLE	RANDOM	TRANSCRIPTOMIC	RNA-Seq	P6960_107	Illumina HiSeq 2500	ILLUMINA	562031730.0	11020230.0	3702	Arabidopsis thaliana	P6960_107	Illumina HiSeq 2500 sequencing; Single-end sequencing of Arabidopsis thaliana leaf before and during heat or cold or salt stress in four mediator mutants and WT plants	Specific functions for Mediator complex subunits from different modules in the transcriptional response of Arabidopsis thaliana to abiotic stress	Illumina HiSeq 2500 sequencing; Single-end sequencing of Arabidopsis thaliana leaf before and during heat or cold or salt stress in four mediator mutants and WT plants	med9_CON_C	aa1e33fe0b8af544b04b687cc16323f7	344013260	ftp.sra.ebi.ac.uk/vol1/fastq/ERR341/007/ERR3414607/ERR3414607.fastq.gz	ftp.sra.ebi.ac.uk/vol1/fastq/ERR341/007/ERR3414607/ERR3414607.fastq.gz	fasp.sra.ebi.ac.uk:/vol1/fastq/ERR341/007/ERR3414607/ERR3414607.fastq.gz
SAMEA5754850	ERR3414608	ERX3438247	SAMEA5754850	ERS3558306	PRJEB33339	ERP116123		ERA2029351	UPSC-0153-R0014	UPSC-0153-E0007	UPSC-0153-S0007	UPSC-0153	SINGLE	RANDOM	TRANSCRIPTOMIC	RNA-Seq	P6960_107	Illumina HiSeq 2500	ILLUMINA	538392465.0	10556715.0	3702	Arabidopsis thaliana	P6960_107	Illumina HiSeq 2500 sequencing; Single-end sequencing of Arabidopsis thaliana leaf before and during heat or cold or salt stress in four mediator mutants and WT plants	Specific functions for Mediator complex subunits from different modules in the transcriptional response of Arabidopsis thaliana to abiotic stress	Illumina HiSeq 2500 sequencing; Single-end sequencing of Arabidopsis thaliana leaf before and during heat or cold or salt stress in four mediator mutants and WT plants	med9_CON_C	f4d07f8572e9818f7c2f638e1798de9b	327776257	ftp.sra.ebi.ac.uk/vol1/fastq/ERR341/008/ERR3414608/ERR3414608.fastq.gz	ftp.sra.ebi.ac.uk/vol1/fastq/ERR341/008/ERR3414608/ERR3414608.fastq.gz	fasp.sra.ebi.ac.uk:/vol1/fastq/ERR341/008/ERR3414608/ERR3414608.fastq.gz
SAMEA5754851	ERR3414609	ERX3438248	SAMEA5754851	ERS3558307	PRJEB33339	ERP116123		ERA2029351	UPSC-0153-R0015	UPSC-0153-E0008	UPSC-0153-S0008	UPSC-0153	SINGLE	RANDOM	TRANSCRIPTOMIC	RNA-Seq	P6960_108	Illumina HiSeq 2500	ILLUMINA	656392083.0	12870433.0	3702	Arabidopsis thaliana	P6960_108	Illumina HiSeq 2500 sequencing; Single-end sequencing of Arabidopsis thaliana leaf before and during heat or cold or salt stress in four mediator mutants and WT plants	Specific functions for Mediator complex subunits from different modules in the transcriptional response of Arabidopsis thaliana to abiotic stress	Illumina HiSeq 2500 sequencing; Single-end sequencing of Arabidopsis thaliana leaf before and during heat or cold or salt stress in four mediator mutants and WT plants	med9_CON_D	5fcff39264bc87486c0944c8f3754db9	389931402	ftp.sra.ebi.ac.uk/vol1/fastq/ERR341/009/ERR3414609/ERR3414609.fastq.gz	ftp.sra.ebi.ac.uk/vol1/fastq/ERR341/009/ERR3414609/ERR3414609.fastq.gz	fasp.sra.ebi.ac.uk:/vol1/fastq/ERR341/009/ERR3414609/ERR3414609.fastq.gz
SAMEA5754851	ERR3414610	ERX3438248	SAMEA5754851	ERS3558307	PRJEB33339	ERP116123		ERA2029351	UPSC-0153-R0016	UPSC-0153-E0008	UPSC-0153-S0008	UPSC-0153	SINGLE	RANDOM	TRANSCRIPTOMIC	RNA-Seq	P6960_108	Illumina HiSeq 2500	ILLUMINA	629290836.0	12339036.0	3702	Arabidopsis thaliana	P6960_108	Illumina HiSeq 2500 sequencing; Single-end sequencing of Arabidopsis thaliana leaf before and during heat or cold or salt stress in four mediator mutants and WT plants	Specific functions for Mediator complex subunits from different modules in the transcriptional response of Arabidopsis thaliana to abiotic stress	Illumina HiSeq 2500 sequencing; Single-end sequencing of Arabidopsis thaliana leaf before and during heat or cold or salt stress in four mediator mutants and WT plants	med9_CON_D	478f41ef528c3a4fc1a5b49ef643fa4a	371845328	ftp.sra.ebi.ac.uk/vol1/fastq/ERR341/000/ERR3414610/ERR3414610.fastq.gz	ftp.sra.ebi.ac.uk/vol1/fastq/ERR341/000/ERR3414610/ERR3414610.fastq.gz	fasp.sra.ebi.ac.uk:/vol1/fastq/ERR341/000/ERR3414610/ERR3414610.fastq.gz
SAMEA5754852	ERR3414611	ERX3438249	SAMEA5754852	ERS3558308	PRJEB33339	ERP116123		ERA2029351	UPSC-0153-R0017	UPSC-0153-E0009	UPSC-0153-S0009	UPSC-0153	SINGLE	RANDOM	TRANSCRIPTOMIC	RNA-Seq	P6960_109	Illumina HiSeq 2500	ILLUMINA	644970531.0	12646481.0	3702	Arabidopsis thaliana	P6960_109	Illumina HiSeq 2500 sequencing; Single-end sequencing of Arabidopsis thaliana leaf before and during heat or cold or salt stress in four mediator mutants and WT plants	Specific functions for Mediator complex subunits from different modules in the transcriptional response of Arabidopsis thaliana to abiotic stress	Illumina HiSeq 2500 sequencing; Single-end sequencing of Arabidopsis thaliana leaf before and during heat or cold or salt stress in four mediator mutants and WT plants	med16_CON_A	053e20d595fe1baf8ad496a1a610961d	398552482	ftp.sra.ebi.ac.uk/vol1/fastq/ERR341/001/ERR3414611/ERR3414611.fastq.gz	ftp.sra.ebi.ac.uk/vol1/fastq/ERR341/001/ERR3414611/ERR3414611.fastq.gz	fasp.sra.ebi.ac.uk:/vol1/fastq/ERR341/001/ERR3414611/ERR3414611.fastq.gz
SAMEA5754852	ERR3414612	ERX3438249	SAMEA5754852	ERS3558308	PRJEB33339	ERP116123		ERA2029351	UPSC-0153-R0018	UPSC-0153-E0009	UPSC-0153-S0009	UPSC-0153	SINGLE	RANDOM	TRANSCRIPTOMIC	RNA-Seq	P6960_109	Illumina HiSeq 2500	ILLUMINA	618021927.0	12118077.0	3702	Arabidopsis thaliana	P6960_109	Illumina HiSeq 2500 sequencing; Single-end sequencing of Arabidopsis thaliana leaf before and during heat or cold or salt stress in four mediator mutants and WT plants	Specific functions for Mediator complex subunits from different modules in the transcriptional response of Arabidopsis thaliana to abiotic stress	Illumina HiSeq 2500 sequencing; Single-end sequencing of Arabidopsis thaliana leaf before and during heat or cold or salt stress in four mediator mutants and WT plants	med16_CON_A	1f2671a53c12eb5277ad3234be48f9d3	379899784	ftp.sra.ebi.ac.uk/vol1/fastq/ERR341/002/ERR3414612/ERR3414612.fastq.gz	ftp.sra.ebi.ac.uk/vol1/fastq/ERR341/002/ERR3414612/ERR3414612.fastq.gz	fasp.sra.ebi.ac.uk:/vol1/fastq/ERR341/002/ERR3414612/ERR3414612.fastq.gz
SAMEA5754853	ERR3414613	ERX3438250	SAMEA5754853	ERS3558309	PRJEB33339	ERP116123		ERA2029351	UPSC-0153-R0019	UPSC-0153-E0010	UPSC-0153-S0010	UPSC-0153	SINGLE	RANDOM	TRANSCRIPTOMIC	RNA-Seq	P6960_110	Illumina HiSeq 2500	ILLUMINA	649966542.0	12744442.0	3702	Arabidopsis thaliana	P6960_110	Illumina HiSeq 2500 sequencing; Single-end sequencing of Arabidopsis thaliana leaf before and during heat or cold or salt stress in four mediator mutants and WT plants	Specific functions for Mediator complex subunits from different modules in the transcriptional response of Arabidopsis thaliana to abiotic stress	Illumina HiSeq 2500 sequencing; Single-end sequencing of Arabidopsis thaliana leaf before and during heat or cold or salt stress in four mediator mutants and WT plants	med16_CON_B	7975a97cc6dd339006bb3bad53bc1b81	409656608	ftp.sra.ebi.ac.uk/vol1/fastq/ERR341/003/ERR3414613/ERR3414613.fastq.gz	ftp.sra.ebi.ac.uk/vol1/fastq/ERR341/003/ERR3414613/ERR3414613.fastq.gz	fasp.sra.ebi.ac.uk:/vol1/fastq/ERR341/003/ERR3414613/ERR3414613.fastq.gz
SAMEA5754853	ERR3414614	ERX3438250	SAMEA5754853	ERS3558309	PRJEB33339	ERP116123		ERA2029351	UPSC-0153-R0020	UPSC-0153-E0010	UPSC-0153-S0010	UPSC-0153	SINGLE	RANDOM	TRANSCRIPTOMIC	RNA-Seq	P6960_110	Illumina HiSeq 2500	ILLUMINA	622306386.0	12202086.0	3702	Arabidopsis thaliana	P6960_110	Illumina HiSeq 2500 sequencing; Single-end sequencing of Arabidopsis thaliana leaf before and during heat or cold or salt stress in four mediator mutants and WT plants	Specific functions for Mediator complex subunits from different modules in the transcriptional response of Arabidopsis thaliana to abiotic stress	Illumina HiSeq 2500 sequencing; Single-end sequencing of Arabidopsis thaliana leaf before and during heat or cold or salt stress in four mediator mutants and WT plants	med16_CON_B	5b31b9c6e54efe079900526d5eddfa7c	390477002	ftp.sra.ebi.ac.uk/vol1/fastq/ERR341/004/ERR3414614/ERR3414614.fastq.gz	ftp.sra.ebi.ac.uk/vol1/fastq/ERR341/004/ERR3414614/ERR3414614.fastq.gz	fasp.sra.ebi.ac.uk:/vol1/fastq/ERR341/004/ERR3414614/ERR3414614.fastq.gz
SAMEA5754854	ERR3414615	ERX3438251	SAMEA5754854	ERS3558310	PRJEB33339	ERP116123		ERA2029351	UPSC-0153-R0021	UPSC-0153-E0011	UPSC-0153-S0011	UPSC-0153	SINGLE	RANDOM	TRANSCRIPTOMIC	RNA-Seq	P6960_112	Illumina HiSeq 2500	ILLUMINA	557673270.0	10934770.0	3702	Arabidopsis thaliana	P6960_112	Illumina HiSeq 2500 sequencing; Single-end sequencing of Arabidopsis thaliana leaf before and during heat or cold or salt stress in four mediator mutants and WT plants	Specific functions for Mediator complex subunits from different modules in the transcriptional response of Arabidopsis thaliana to abiotic stress	Illumina HiSeq 2500 sequencing; Single-end sequencing of Arabidopsis thaliana leaf before and during heat or cold or salt stress in four mediator mutants and WT plants	med16_CON_D	8ad0028237be92f931e8cb3527d32048	355891826	ftp.sra.ebi.ac.uk/vol1/fastq/ERR341/005/ERR3414615/ERR3414615.fastq.gz	ftp.sra.ebi.ac.uk/vol1/fastq/ERR341/005/ERR3414615/ERR3414615.fastq.gz	fasp.sra.ebi.ac.uk:/vol1/fastq/ERR341/005/ERR3414615/ERR3414615.fastq.gz
SAMEA5754854	ERR3414616	ERX3438251	SAMEA5754854	ERS3558310	PRJEB33339	ERP116123		ERA2029351	UPSC-0153-R0022	UPSC-0153-E0011	UPSC-0153-S0011	UPSC-0153	SINGLE	RANDOM	TRANSCRIPTOMIC	RNA-Seq	P6960_112	Illumina HiSeq 2500	ILLUMINA	535996383.0	10509733.0	3702	Arabidopsis thaliana	P6960_112	Illumina HiSeq 2500 sequencing; Single-end sequencing of Arabidopsis thaliana leaf before and during heat or cold or salt stress in four mediator mutants and WT plants	Specific functions for Mediator complex subunits from different modules in the transcriptional response of Arabidopsis thaliana to abiotic stress	Illumina HiSeq 2500 sequencing; Single-end sequencing of Arabidopsis thaliana leaf before and during heat or cold or salt stress in four mediator mutants and WT plants	med16_CON_D	7195792d0af54f5aa914da3674fa9c39	340379145	ftp.sra.ebi.ac.uk/vol1/fastq/ERR341/006/ERR3414616/ERR3414616.fastq.gz	ftp.sra.ebi.ac.uk/vol1/fastq/ERR341/006/ERR3414616/ERR3414616.fastq.gz	fasp.sra.ebi.ac.uk:/vol1/fastq/ERR341/006/ERR3414616/ERR3414616.fastq.gz
SAMEA5754855	ERR3414617	ERX3438252	SAMEA5754855	ERS3558311	PRJEB33339	ERP116123		ERA2029351	UPSC-0153-R0023	UPSC-0153-E0012	UPSC-0153-S0012	UPSC-0153	SINGLE	RANDOM	TRANSCRIPTOMIC	RNA-Seq	P6960_113	Illumina HiSeq 2500	ILLUMINA	611105409.0	11982459.0	3702	Arabidopsis thaliana	P6960_113	Illumina HiSeq 2500 sequencing; Single-end sequencing of Arabidopsis thaliana leaf before and during heat or cold or salt stress in four mediator mutants and WT plants	Specific functions for Mediator complex subunits from different modules in the transcriptional response of Arabidopsis thaliana to abiotic stress	Illumina HiSeq 2500 sequencing; Single-end sequencing of Arabidopsis thaliana leaf before and during heat or cold or salt stress in four mediator mutants and WT plants	med18_CON_A	3f418e5bb9686c90cccc9dadf50410e5	377972753	ftp.sra.ebi.ac.uk/vol1/fastq/ERR341/007/ERR3414617/ERR3414617.fastq.gz	ftp.sra.ebi.ac.uk/vol1/fastq/ERR341/007/ERR3414617/ERR3414617.fastq.gz	fasp.sra.ebi.ac.uk:/vol1/fastq/ERR341/007/ERR3414617/ERR3414617.fastq.gz
SAMEA5754855	ERR3414618	ERX3438252	SAMEA5754855	ERS3558311	PRJEB33339	ERP116123		ERA2029351	UPSC-0153-R0024	UPSC-0153-E0012	UPSC-0153-S0012	UPSC-0153	SINGLE	RANDOM	TRANSCRIPTOMIC	RNA-Seq	P6960_113	Illumina HiSeq 2500	ILLUMINA	585938541.0	11488991.0	3702	Arabidopsis thaliana	P6960_113	Illumina HiSeq 2500 sequencing; Single-end sequencing of Arabidopsis thaliana leaf before and during heat or cold or salt stress in four mediator mutants and WT plants	Specific functions for Mediator complex subunits from different modules in the transcriptional response of Arabidopsis thaliana to abiotic stress	Illumina HiSeq 2500 sequencing; Single-end sequencing of Arabidopsis thaliana leaf before and during heat or cold or salt stress in four mediator mutants and WT plants	med18_CON_A	b92c7fbd4871940f8812f2a7f7e3cec1	360627674	ftp.sra.ebi.ac.uk/vol1/fastq/ERR341/008/ERR3414618/ERR3414618.fastq.gz	ftp.sra.ebi.ac.uk/vol1/fastq/ERR341/008/ERR3414618/ERR3414618.fastq.gz	fasp.sra.ebi.ac.uk:/vol1/fastq/ERR341/008/ERR3414618/ERR3414618.fastq.gz
SAMEA5754856	ERR3414619	ERX3438253	SAMEA5754856	ERS3558312	PRJEB33339	ERP116123		ERA2029351	UPSC-0153-R0025	UPSC-0153-E0013	UPSC-0153-S0013	UPSC-0153	SINGLE	RANDOM	TRANSCRIPTOMIC	RNA-Seq	P6960_114	Illumina HiSeq 2500	ILLUMINA	599371125.0	11752375.0	3702	Arabidopsis thaliana	P6960_114	Illumina HiSeq 2500 sequencing; Single-end sequencing of Arabidopsis thaliana leaf before and during heat or cold or salt stress in four mediator mutants and WT plants	Specific functions for Mediator complex subunits from different modules in the transcriptional response of Arabidopsis thaliana to abiotic stress	Illumina HiSeq 2500 sequencing; Single-end sequencing of Arabidopsis thaliana leaf before and during heat or cold or salt stress in four mediator mutants and WT plants	med18_CON_B	811aedc28621c8bb2f887c1ca85c5d78	374555711	ftp.sra.ebi.ac.uk/vol1/fastq/ERR341/009/ERR3414619/ERR3414619.fastq.gz	ftp.sra.ebi.ac.uk/vol1/fastq/ERR341/009/ERR3414619/ERR3414619.fastq.gz	fasp.sra.ebi.ac.uk:/vol1/fastq/ERR341/009/ERR3414619/ERR3414619.fastq.gz
SAMEA5754856	ERR3414620	ERX3438253	SAMEA5754856	ERS3558312	PRJEB33339	ERP116123		ERA2029351	UPSC-0153-R0026	UPSC-0153-E0013	UPSC-0153-S0013	UPSC-0153	SINGLE	RANDOM	TRANSCRIPTOMIC	RNA-Seq	P6960_114	Illumina HiSeq 2500	ILLUMINA	574254339.0	11259889.0	3702	Arabidopsis thaliana	P6960_114	Illumina HiSeq 2500 sequencing; Single-end sequencing of Arabidopsis thaliana leaf before and during heat or cold or salt stress in four mediator mutants and WT plants	Specific functions for Mediator complex subunits from different modules in the transcriptional response of Arabidopsis thaliana to abiotic stress	Illumina HiSeq 2500 sequencing; Single-end sequencing of Arabidopsis thaliana leaf before and during heat or cold or salt stress in four mediator mutants and WT plants	med18_CON_B	dc4b62d7b5115c1773f5f5c49c0e61f8	357140148	ftp.sra.ebi.ac.uk/vol1/fastq/ERR341/000/ERR3414620/ERR3414620.fastq.gz	ftp.sra.ebi.ac.uk/vol1/fastq/ERR341/000/ERR3414620/ERR3414620.fastq.gz	fasp.sra.ebi.ac.uk:/vol1/fastq/ERR341/000/ERR3414620/ERR3414620.fastq.gz
SAMEA5754857	ERR3414621	ERX3438254	SAMEA5754857	ERS3558313	PRJEB33339	ERP116123		ERA2029351	UPSC-0153-R0027	UPSC-0153-E0014	UPSC-0153-S0014	UPSC-0153	SINGLE	RANDOM	TRANSCRIPTOMIC	RNA-Seq	P6960_115	Illumina HiSeq 2500	ILLUMINA	647652672.0	12699072.0	3702	Arabidopsis thaliana	P6960_115	Illumina HiSeq 2500 sequencing; Single-end sequencing of Arabidopsis thaliana leaf before and during heat or cold or salt stress in four mediator mutants and WT plants	Specific functions for Mediator complex subunits from different modules in the transcriptional response of Arabidopsis thaliana to abiotic stress	Illumina HiSeq 2500 sequencing; Single-end sequencing of Arabidopsis thaliana leaf before and during heat or cold or salt stress in four mediator mutants and WT plants	med18_CON_C	5da31bdb3a967846d6ab9c87f465c85c	390694566	ftp.sra.ebi.ac.uk/vol1/fastq/ERR341/001/ERR3414621/ERR3414621.fastq.gz	ftp.sra.ebi.ac.uk/vol1/fastq/ERR341/001/ERR3414621/ERR3414621.fastq.gz	fasp.sra.ebi.ac.uk:/vol1/fastq/ERR341/001/ERR3414621/ERR3414621.fastq.gz
SAMEA5754857	ERR3414622	ERX3438254	SAMEA5754857	ERS3558313	PRJEB33339	ERP116123		ERA2029351	UPSC-0153-R0028	UPSC-0153-E0014	UPSC-0153-S0014	UPSC-0153	SINGLE	RANDOM	TRANSCRIPTOMIC	RNA-Seq	P6960_115	Illumina HiSeq 2500	ILLUMINA	619472418.0	12146518.0	3702	Arabidopsis thaliana	P6960_115	Illumina HiSeq 2500 sequencing; Single-end sequencing of Arabidopsis thaliana leaf before and during heat or cold or salt stress in four mediator mutants and WT plants	Specific functions for Mediator complex subunits from different modules in the transcriptional response of Arabidopsis thaliana to abiotic stress	Illumina HiSeq 2500 sequencing; Single-end sequencing of Arabidopsis thaliana leaf before and during heat or cold or salt stress in four mediator mutants and WT plants	med18_CON_C	34816f6e7d5a29b2ca0efdb855f4d5f7	371898719	ftp.sra.ebi.ac.uk/vol1/fastq/ERR341/002/ERR3414622/ERR3414622.fastq.gz	ftp.sra.ebi.ac.uk/vol1/fastq/ERR341/002/ERR3414622/ERR3414622.fastq.gz	fasp.sra.ebi.ac.uk:/vol1/fastq/ERR341/002/ERR3414622/ERR3414622.fastq.gz
SAMEA5754858	ERR3414623	ERX3438255	SAMEA5754858	ERS3558314	PRJEB33339	ERP116123		ERA2029351	UPSC-0153-R0029	UPSC-0153-E0015	UPSC-0153-S0015	UPSC-0153	SINGLE	RANDOM	TRANSCRIPTOMIC	RNA-Seq	P6960_116	Illumina HiSeq 2500	ILLUMINA	612153816.0	12003016.0	3702	Arabidopsis thaliana	P6960_116	Illumina HiSeq 2500 sequencing; Single-end sequencing of Arabidopsis thaliana leaf before and during heat or cold or salt stress in four mediator mutants and WT plants	Specific functions for Mediator complex subunits from different modules in the transcriptional response of Arabidopsis thaliana to abiotic stress	Illumina HiSeq 2500 sequencing; Single-end sequencing of Arabidopsis thaliana leaf before and during heat or cold or salt stress in four mediator mutants and WT plants	med18_CON_D	d163937d5fc7f2977110ec89fb769e9d	375349689	ftp.sra.ebi.ac.uk/vol1/fastq/ERR341/003/ERR3414623/ERR3414623.fastq.gz	ftp.sra.ebi.ac.uk/vol1/fastq/ERR341/003/ERR3414623/ERR3414623.fastq.gz	fasp.sra.ebi.ac.uk:/vol1/fastq/ERR341/003/ERR3414623/ERR3414623.fastq.gz
SAMEA5754858	ERR3414624	ERX3438255	SAMEA5754858	ERS3558314	PRJEB33339	ERP116123		ERA2029351	UPSC-0153-R0030	UPSC-0153-E0015	UPSC-0153-S0015	UPSC-0153	SINGLE	RANDOM	TRANSCRIPTOMIC	RNA-Seq	P6960_116	Illumina HiSeq 2500	ILLUMINA	586653051.0	11503001.0	3702	Arabidopsis thaliana	P6960_116	Illumina HiSeq 2500 sequencing; Single-end sequencing of Arabidopsis thaliana leaf before and during heat or cold or salt stress in four mediator mutants and WT plants	Specific functions for Mediator complex subunits from different modules in the transcriptional response of Arabidopsis thaliana to abiotic stress	Illumina HiSeq 2500 sequencing; Single-end sequencing of Arabidopsis thaliana leaf before and during heat or cold or salt stress in four mediator mutants and WT plants	med18_CON_D	44cc87e9f88065b4d953d1e9adada77c	357804358	ftp.sra.ebi.ac.uk/vol1/fastq/ERR341/004/ERR3414624/ERR3414624.fastq.gz	ftp.sra.ebi.ac.uk/vol1/fastq/ERR341/004/ERR3414624/ERR3414624.fastq.gz	fasp.sra.ebi.ac.uk:/vol1/fastq/ERR341/004/ERR3414624/ERR3414624.fastq.gz
SAMEA5754859	ERR3414625	ERX3438256	SAMEA5754859	ERS3558315	PRJEB33339	ERP116123		ERA2029351	UPSC-0153-R0031	UPSC-0153-E0016	UPSC-0153-S0016	UPSC-0153	SINGLE	RANDOM	TRANSCRIPTOMIC	RNA-Seq	P6960_117	Illumina HiSeq 2500	ILLUMINA	552603717.0	10835367.0	3702	Arabidopsis thaliana	P6960_117	Illumina HiSeq 2500 sequencing; Single-end sequencing of Arabidopsis thaliana leaf before and during heat or cold or salt stress in four mediator mutants and WT plants	Specific functions for Mediator complex subunits from different modules in the transcriptional response of Arabidopsis thaliana to abiotic stress	Illumina HiSeq 2500 sequencing; Single-end sequencing of Arabidopsis thaliana leaf before and during heat or cold or salt stress in four mediator mutants and WT plants	cdk8_CON_A	d4e1cf0d1df3310d8088a7b6f7a2f06f	340766832	ftp.sra.ebi.ac.uk/vol1/fastq/ERR341/005/ERR3414625/ERR3414625.fastq.gz	ftp.sra.ebi.ac.uk/vol1/fastq/ERR341/005/ERR3414625/ERR3414625.fastq.gz	fasp.sra.ebi.ac.uk:/vol1/fastq/ERR341/005/ERR3414625/ERR3414625.fastq.gz
SAMEA5754859	ERR3414626	ERX3438256	SAMEA5754859	ERS3558315	PRJEB33339	ERP116123		ERA2029351	UPSC-0153-R0032	UPSC-0153-E0016	UPSC-0153-S0016	UPSC-0153	SINGLE	RANDOM	TRANSCRIPTOMIC	RNA-Seq	P6960_117	Illumina HiSeq 2500	ILLUMINA	530612925.0	10404175.0	3702	Arabidopsis thaliana	P6960_117	Illumina HiSeq 2500 sequencing; Single-end sequencing of Arabidopsis thaliana leaf before and during heat or cold or salt stress in four mediator mutants and WT plants	Specific functions for Mediator complex subunits from different modules in the transcriptional response of Arabidopsis thaliana to abiotic stress	Illumina HiSeq 2500 sequencing; Single-end sequencing of Arabidopsis thaliana leaf before and during heat or cold or salt stress in four mediator mutants and WT plants	cdk8_CON_A	08c75e2906f74a5c8f3badf55df4e14f	325527104	ftp.sra.ebi.ac.uk/vol1/fastq/ERR341/006/ERR3414626/ERR3414626.fastq.gz	ftp.sra.ebi.ac.uk/vol1/fastq/ERR341/006/ERR3414626/ERR3414626.fastq.gz	fasp.sra.ebi.ac.uk:/vol1/fastq/ERR341/006/ERR3414626/ERR3414626.fastq.gz
SAMEA5754860	ERR3414627	ERX3438257	SAMEA5754860	ERS3558316	PRJEB33339	ERP116123		ERA2029351	UPSC-0153-R0033	UPSC-0153-E0017	UPSC-0153-S0017	UPSC-0153	SINGLE	RANDOM	TRANSCRIPTOMIC	RNA-Seq	P6960_118	Illumina HiSeq 2500	ILLUMINA	388028196.0	7608396.0	3702	Arabidopsis thaliana	P6960_118	Illumina HiSeq 2500 sequencing; Single-end sequencing of Arabidopsis thaliana leaf before and during heat or cold or salt stress in four mediator mutants and WT plants	Specific functions for Mediator complex subunits from different modules in the transcriptional response of Arabidopsis thaliana to abiotic stress	Illumina HiSeq 2500 sequencing; Single-end sequencing of Arabidopsis thaliana leaf before and during heat or cold or salt stress in four mediator mutants and WT plants	cdk8_CON_B	3d415fff7f0a4752e6c1103607c0c401	271455241	ftp.sra.ebi.ac.uk/vol1/fastq/ERR341/007/ERR3414627/ERR3414627.fastq.gz	ftp.sra.ebi.ac.uk/vol1/fastq/ERR341/007/ERR3414627/ERR3414627.fastq.gz	fasp.sra.ebi.ac.uk:/vol1/fastq/ERR341/007/ERR3414627/ERR3414627.fastq.gz
SAMEA5754860	ERR3414628	ERX3438257	SAMEA5754860	ERS3558316	PRJEB33339	ERP116123		ERA2029351	UPSC-0153-R0034	UPSC-0153-E0017	UPSC-0153-S0017	UPSC-0153	SINGLE	RANDOM	TRANSCRIPTOMIC	RNA-Seq	P6960_118	Illumina HiSeq 2500	ILLUMINA	377976912.0	7411312.0	3702	Arabidopsis thaliana	P6960_118	Illumina HiSeq 2500 sequencing; Single-end sequencing of Arabidopsis thaliana leaf before and during heat or cold or salt stress in four mediator mutants and WT plants	Specific functions for Mediator complex subunits from different modules in the transcriptional response of Arabidopsis thaliana to abiotic stress	Illumina HiSeq 2500 sequencing; Single-end sequencing of Arabidopsis thaliana leaf before and during heat or cold or salt stress in four mediator mutants and WT plants	cdk8_CON_B	3a8ea1627d98bae93c277535d435fccf	265630907	ftp.sra.ebi.ac.uk/vol1/fastq/ERR341/008/ERR3414628/ERR3414628.fastq.gz	ftp.sra.ebi.ac.uk/vol1/fastq/ERR341/008/ERR3414628/ERR3414628.fastq.gz	fasp.sra.ebi.ac.uk:/vol1/fastq/ERR341/008/ERR3414628/ERR3414628.fastq.gz
SAMEA5754861	ERR3414629	ERX3438258	SAMEA5754861	ERS3558317	PRJEB33339	ERP116123		ERA2029351	UPSC-0153-R0035	UPSC-0153-E0018	UPSC-0153-S0018	UPSC-0153	SINGLE	RANDOM	TRANSCRIPTOMIC	RNA-Seq	P6960_119	Illumina HiSeq 2500	ILLUMINA	430535625.0	8441875.0	3702	Arabidopsis thaliana	P6960_119	Illumina HiSeq 2500 sequencing; Single-end sequencing of Arabidopsis thaliana leaf before and during heat or cold or salt stress in four mediator mutants and WT plants	Specific functions for Mediator complex subunits from different modules in the transcriptional response of Arabidopsis thaliana to abiotic stress	Illumina HiSeq 2500 sequencing; Single-end sequencing of Arabidopsis thaliana leaf before and during heat or cold or salt stress in four mediator mutants and WT plants	cdk8_CON_C	6764e233cbb441d68dba5ff15fb36035	301737977	ftp.sra.ebi.ac.uk/vol1/fastq/ERR341/009/ERR3414629/ERR3414629.fastq.gz	ftp.sra.ebi.ac.uk/vol1/fastq/ERR341/009/ERR3414629/ERR3414629.fastq.gz	fasp.sra.ebi.ac.uk:/vol1/fastq/ERR341/009/ERR3414629/ERR3414629.fastq.gz
SAMEA5754861	ERR3414630	ERX3438258	SAMEA5754861	ERS3558317	PRJEB33339	ERP116123		ERA2029351	UPSC-0153-R0036	UPSC-0153-E0018	UPSC-0153-S0018	UPSC-0153	SINGLE	RANDOM	TRANSCRIPTOMIC	RNA-Seq	P6960_119	Illumina HiSeq 2500	ILLUMINA	419265798.0	8220898.0	3702	Arabidopsis thaliana	P6960_119	Illumina HiSeq 2500 sequencing; Single-end sequencing of Arabidopsis thaliana leaf before and during heat or cold or salt stress in four mediator mutants and WT plants	Specific functions for Mediator complex subunits from different modules in the transcriptional response of Arabidopsis thaliana to abiotic stress	Illumina HiSeq 2500 sequencing; Single-end sequencing of Arabidopsis thaliana leaf before and during heat or cold or salt stress in four mediator mutants and WT plants	cdk8_CON_C	923dfe7f8579777bbe1453db8e1b776b	295100555	ftp.sra.ebi.ac.uk/vol1/fastq/ERR341/000/ERR3414630/ERR3414630.fastq.gz	ftp.sra.ebi.ac.uk/vol1/fastq/ERR341/000/ERR3414630/ERR3414630.fastq.gz	fasp.sra.ebi.ac.uk:/vol1/fastq/ERR341/000/ERR3414630/ERR3414630.fastq.gz
SAMEA5754862	ERR3414631	ERX3438259	SAMEA5754862	ERS3558318	PRJEB33339	ERP116123		ERA2029351	UPSC-0153-R0037	UPSC-0153-E0019	UPSC-0153-S0019	UPSC-0153	SINGLE	RANDOM	TRANSCRIPTOMIC	RNA-Seq	P6960_120	Illumina HiSeq 2500	ILLUMINA	393603057.0	7717707.0	3702	Arabidopsis thaliana	P6960_120	Illumina HiSeq 2500 sequencing; Single-end sequencing of Arabidopsis thaliana leaf before and during heat or cold or salt stress in four mediator mutants and WT plants	Specific functions for Mediator complex subunits from different modules in the transcriptional response of Arabidopsis thaliana to abiotic stress	Illumina HiSeq 2500 sequencing; Single-end sequencing of Arabidopsis thaliana leaf before and during heat or cold or salt stress in four mediator mutants and WT plants	cdk8_CON_D	c575c652c9c71b2b546af3b90a98c67c	281441449	ftp.sra.ebi.ac.uk/vol1/fastq/ERR341/001/ERR3414631/ERR3414631.fastq.gz	ftp.sra.ebi.ac.uk/vol1/fastq/ERR341/001/ERR3414631/ERR3414631.fastq.gz	fasp.sra.ebi.ac.uk:/vol1/fastq/ERR341/001/ERR3414631/ERR3414631.fastq.gz
SAMEA5754862	ERR3414632	ERX3438259	SAMEA5754862	ERS3558318	PRJEB33339	ERP116123		ERA2029351	UPSC-0153-R0038	UPSC-0153-E0019	UPSC-0153-S0019	UPSC-0153	SINGLE	RANDOM	TRANSCRIPTOMIC	RNA-Seq	P6960_120	Illumina HiSeq 2500	ILLUMINA	382864395.0	7507145.0	3702	Arabidopsis thaliana	P6960_120	Illumina HiSeq 2500 sequencing; Single-end sequencing of Arabidopsis thaliana leaf before and during heat or cold or salt stress in four mediator mutants and WT plants	Specific functions for Mediator complex subunits from different modules in the transcriptional response of Arabidopsis thaliana to abiotic stress	Illumina HiSeq 2500 sequencing; Single-end sequencing of Arabidopsis thaliana leaf before and during heat or cold or salt stress in four mediator mutants and WT plants	cdk8_CON_D	d25a553afbb470183f72f24b6411f476	275075784	ftp.sra.ebi.ac.uk/vol1/fastq/ERR341/002/ERR3414632/ERR3414632.fastq.gz	ftp.sra.ebi.ac.uk/vol1/fastq/ERR341/002/ERR3414632/ERR3414632.fastq.gz	fasp.sra.ebi.ac.uk:/vol1/fastq/ERR341/002/ERR3414632/ERR3414632.fastq.gz
SAMEA5754863	ERR3414633	ERX3438260	SAMEA5754863	ERS3558319	PRJEB33339	ERP116123		ERA2029351	UPSC-0153-R0039	UPSC-0153-E0020	UPSC-0153-S0020	UPSC-0153	SINGLE	RANDOM	TRANSCRIPTOMIC	RNA-Seq	P6960_121	Illumina HiSeq 2500	ILLUMINA	432523452.0	8480852.0	3702	Arabidopsis thaliana	P6960_121	Illumina HiSeq 2500 sequencing; Single-end sequencing of Arabidopsis thaliana leaf before and during heat or cold or salt stress in four mediator mutants and WT plants	Specific functions for Mediator complex subunits from different modules in the transcriptional response of Arabidopsis thaliana to abiotic stress	Illumina HiSeq 2500 sequencing; Single-end sequencing of Arabidopsis thaliana leaf before and during heat or cold or salt stress in four mediator mutants and WT plants	WT_HS30_A	749db34d53bf0fa73e502972f8ecf64a	300854804	ftp.sra.ebi.ac.uk/vol1/fastq/ERR341/003/ERR3414633/ERR3414633.fastq.gz	ftp.sra.ebi.ac.uk/vol1/fastq/ERR341/003/ERR3414633/ERR3414633.fastq.gz	fasp.sra.ebi.ac.uk:/vol1/fastq/ERR341/003/ERR3414633/ERR3414633.fastq.gz
SAMEA5754863	ERR3414634	ERX3438260	SAMEA5754863	ERS3558319	PRJEB33339	ERP116123		ERA2029351	UPSC-0153-R0040	UPSC-0153-E0020	UPSC-0153-S0020	UPSC-0153	SINGLE	RANDOM	TRANSCRIPTOMIC	RNA-Seq	P6960_121	Illumina HiSeq 2500	ILLUMINA	420650193.0	8248043.0	3702	Arabidopsis thaliana	P6960_121	Illumina HiSeq 2500 sequencing; Single-end sequencing of Arabidopsis thaliana leaf before and during heat or cold or salt stress in four mediator mutants and WT plants	Specific functions for Mediator complex subunits from different modules in the transcriptional response of Arabidopsis thaliana to abiotic stress	Illumina HiSeq 2500 sequencing; Single-end sequencing of Arabidopsis thaliana leaf before and during heat or cold or salt stress in four mediator mutants and WT plants	WT_HS30_A	7905d175b5b8628e32f6dd1f2f8d4cfe	294204481	ftp.sra.ebi.ac.uk/vol1/fastq/ERR341/004/ERR3414634/ERR3414634.fastq.gz	ftp.sra.ebi.ac.uk/vol1/fastq/ERR341/004/ERR3414634/ERR3414634.fastq.gz	fasp.sra.ebi.ac.uk:/vol1/fastq/ERR341/004/ERR3414634/ERR3414634.fastq.gz
SAMEA5754864	ERR3414635	ERX3438261	SAMEA5754864	ERS3558320	PRJEB33339	ERP116123		ERA2029351	UPSC-0153-R0041	UPSC-0153-E0021	UPSC-0153-S0021	UPSC-0153	SINGLE	RANDOM	TRANSCRIPTOMIC	RNA-Seq	P6960_122	Illumina HiSeq 2500	ILLUMINA	356829354.0	6996654.0	3702	Arabidopsis thaliana	P6960_122	Illumina HiSeq 2500 sequencing; Single-end sequencing of Arabidopsis thaliana leaf before and during heat or cold or salt stress in four mediator mutants and WT plants	Specific functions for Mediator complex subunits from different modules in the transcriptional response of Arabidopsis thaliana to abiotic stress	Illumina HiSeq 2500 sequencing; Single-end sequencing of Arabidopsis thaliana leaf before and during heat or cold or salt stress in four mediator mutants and WT plants	WT_HS30_B	31f433750996c50fd061250740a80712	252115855	ftp.sra.ebi.ac.uk/vol1/fastq/ERR341/005/ERR3414635/ERR3414635.fastq.gz	ftp.sra.ebi.ac.uk/vol1/fastq/ERR341/005/ERR3414635/ERR3414635.fastq.gz	fasp.sra.ebi.ac.uk:/vol1/fastq/ERR341/005/ERR3414635/ERR3414635.fastq.gz
SAMEA5754864	ERR3414636	ERX3438261	SAMEA5754864	ERS3558320	PRJEB33339	ERP116123		ERA2029351	UPSC-0153-R0042	UPSC-0153-E0021	UPSC-0153-S0021	UPSC-0153	SINGLE	RANDOM	TRANSCRIPTOMIC	RNA-Seq	P6960_122	Illumina HiSeq 2500	ILLUMINA	361819551.0	7094501.0	3702	Arabidopsis thaliana	P6960_122	Illumina HiSeq 2500 sequencing; Single-end sequencing of Arabidopsis thaliana leaf before and during heat or cold or salt stress in four mediator mutants and WT plants	Specific functions for Mediator complex subunits from different modules in the transcriptional response of Arabidopsis thaliana to abiotic stress	Illumina HiSeq 2500 sequencing; Single-end sequencing of Arabidopsis thaliana leaf before and during heat or cold or salt stress in four mediator mutants and WT plants	WT_HS30_B	ce9527b8a3e91dfa52a58d5d5c8b9161	256372770	ftp.sra.ebi.ac.uk/vol1/fastq/ERR341/006/ERR3414636/ERR3414636.fastq.gz	ftp.sra.ebi.ac.uk/vol1/fastq/ERR341/006/ERR3414636/ERR3414636.fastq.gz	fasp.sra.ebi.ac.uk:/vol1/fastq/ERR341/006/ERR3414636/ERR3414636.fastq.gz
SAMEA5754865	ERR3414637	ERX3438262	SAMEA5754865	ERS3558321	PRJEB33339	ERP116123		ERA2029351	UPSC-0153-R0043	UPSC-0153-E0022	UPSC-0153-S0022	UPSC-0153	SINGLE	RANDOM	TRANSCRIPTOMIC	RNA-Seq	P6960_123	Illumina HiSeq 2500	ILLUMINA	332235624.0	6514424.0	3702	Arabidopsis thaliana	P6960_123	Illumina HiSeq 2500 sequencing; Single-end sequencing of Arabidopsis thaliana leaf before and during heat or cold or salt stress in four mediator mutants and WT plants	Specific functions for Mediator complex subunits from different modules in the transcriptional response of Arabidopsis thaliana to abiotic stress	Illumina HiSeq 2500 sequencing; Single-end sequencing of Arabidopsis thaliana leaf before and during heat or cold or salt stress in four mediator mutants and WT plants	WT_HS30_C	20df3519bc6693a0e89280ead5aa1947	240627877	ftp.sra.ebi.ac.uk/vol1/fastq/ERR341/007/ERR3414637/ERR3414637.fastq.gz	ftp.sra.ebi.ac.uk/vol1/fastq/ERR341/007/ERR3414637/ERR3414637.fastq.gz	fasp.sra.ebi.ac.uk:/vol1/fastq/ERR341/007/ERR3414637/ERR3414637.fastq.gz
SAMEA5754865	ERR3414638	ERX3438262	SAMEA5754865	ERS3558321	PRJEB33339	ERP116123		ERA2029351	UPSC-0153-R0044	UPSC-0153-E0022	UPSC-0153-S0022	UPSC-0153	SINGLE	RANDOM	TRANSCRIPTOMIC	RNA-Seq	P6960_123	Illumina HiSeq 2500	ILLUMINA	334022511.0	6549461.0	3702	Arabidopsis thaliana	P6960_123	Illumina HiSeq 2500 sequencing; Single-end sequencing of Arabidopsis thaliana leaf before and during heat or cold or salt stress in four mediator mutants and WT plants	Specific functions for Mediator complex subunits from different modules in the transcriptional response of Arabidopsis thaliana to abiotic stress	Illumina HiSeq 2500 sequencing; Single-end sequencing of Arabidopsis thaliana leaf before and during heat or cold or salt stress in four mediator mutants and WT plants	WT_HS30_C	a233d3db6cb4720bf2dc31aae2f3d586	242603863	ftp.sra.ebi.ac.uk/vol1/fastq/ERR341/008/ERR3414638/ERR3414638.fastq.gz	ftp.sra.ebi.ac.uk/vol1/fastq/ERR341/008/ERR3414638/ERR3414638.fastq.gz	fasp.sra.ebi.ac.uk:/vol1/fastq/ERR341/008/ERR3414638/ERR3414638.fastq.gz
SAMEA5754866	ERR3414639	ERX3438263	SAMEA5754866	ERS3558322	PRJEB33339	ERP116123		ERA2029351	UPSC-0153-R0045	UPSC-0153-E0023	UPSC-0153-S0023	UPSC-0153	SINGLE	RANDOM	TRANSCRIPTOMIC	RNA-Seq	P6960_124	Illumina HiSeq 2500	ILLUMINA	356949357.0	6999007.0	3702	Arabidopsis thaliana	P6960_124	Illumina HiSeq 2500 sequencing; Single-end sequencing of Arabidopsis thaliana leaf before and during heat or cold or salt stress in four mediator mutants and WT plants	Specific functions for Mediator complex subunits from different modules in the transcriptional response of Arabidopsis thaliana to abiotic stress	Illumina HiSeq 2500 sequencing; Single-end sequencing of Arabidopsis thaliana leaf before and during heat or cold or salt stress in four mediator mutants and WT plants	WT_HS30_D	36584bb4f2e6452dd39cecda3aa4559a	254003356	ftp.sra.ebi.ac.uk/vol1/fastq/ERR341/009/ERR3414639/ERR3414639.fastq.gz	ftp.sra.ebi.ac.uk/vol1/fastq/ERR341/009/ERR3414639/ERR3414639.fastq.gz	fasp.sra.ebi.ac.uk:/vol1/fastq/ERR341/009/ERR3414639/ERR3414639.fastq.gz
SAMEA5754866	ERR3414640	ERX3438263	SAMEA5754866	ERS3558322	PRJEB33339	ERP116123		ERA2029351	UPSC-0153-R0046	UPSC-0153-E0023	UPSC-0153-S0023	UPSC-0153	SINGLE	RANDOM	TRANSCRIPTOMIC	RNA-Seq	P6960_124	Illumina HiSeq 2500	ILLUMINA	362237190.0	7102690.0	3702	Arabidopsis thaliana	P6960_124	Illumina HiSeq 2500 sequencing; Single-end sequencing of Arabidopsis thaliana leaf before and during heat or cold or salt stress in four mediator mutants and WT plants	Specific functions for Mediator complex subunits from different modules in the transcriptional response of Arabidopsis thaliana to abiotic stress	Illumina HiSeq 2500 sequencing; Single-end sequencing of Arabidopsis thaliana leaf before and during heat or cold or salt stress in four mediator mutants and WT plants	WT_HS30_D	17bbd5b8741017fcd3de6f163f83721f	258585349	ftp.sra.ebi.ac.uk/vol1/fastq/ERR341/000/ERR3414640/ERR3414640.fastq.gz	ftp.sra.ebi.ac.uk/vol1/fastq/ERR341/000/ERR3414640/ERR3414640.fastq.gz	fasp.sra.ebi.ac.uk:/vol1/fastq/ERR341/000/ERR3414640/ERR3414640.fastq.gz
SAMEA5754867	ERR3414641	ERX3438264	SAMEA5754867	ERS3558323	PRJEB33339	ERP116123		ERA2029351	UPSC-0153-R0047	UPSC-0153-E0024	UPSC-0153-S0024	UPSC-0153	SINGLE	RANDOM	TRANSCRIPTOMIC	RNA-Seq	P6960_125	Illumina HiSeq 2500	ILLUMINA	334032456.0	6549656.0	3702	Arabidopsis thaliana	P6960_125	Illumina HiSeq 2500 sequencing; Single-end sequencing of Arabidopsis thaliana leaf before and during heat or cold or salt stress in four mediator mutants and WT plants	Specific functions for Mediator complex subunits from different modules in the transcriptional response of Arabidopsis thaliana to abiotic stress	Illumina HiSeq 2500 sequencing; Single-end sequencing of Arabidopsis thaliana leaf before and during heat or cold or salt stress in four mediator mutants and WT plants	med9_HS30_A	b46641438f1c9b636b3fa1b1dd21ab83	236061357	ftp.sra.ebi.ac.uk/vol1/fastq/ERR341/001/ERR3414641/ERR3414641.fastq.gz	ftp.sra.ebi.ac.uk/vol1/fastq/ERR341/001/ERR3414641/ERR3414641.fastq.gz	fasp.sra.ebi.ac.uk:/vol1/fastq/ERR341/001/ERR3414641/ERR3414641.fastq.gz
SAMEA5754867	ERR3414642	ERX3438264	SAMEA5754867	ERS3558323	PRJEB33339	ERP116123		ERA2029351	UPSC-0153-R0048	UPSC-0153-E0024	UPSC-0153-S0024	UPSC-0153	SINGLE	RANDOM	TRANSCRIPTOMIC	RNA-Seq	P6960_125	Illumina HiSeq 2500	ILLUMINA	337985364.0	6627164.0	3702	Arabidopsis thaliana	P6960_125	Illumina HiSeq 2500 sequencing; Single-end sequencing of Arabidopsis thaliana leaf before and during heat or cold or salt stress in four mediator mutants and WT plants	Specific functions for Mediator complex subunits from different modules in the transcriptional response of Arabidopsis thaliana to abiotic stress	Illumina HiSeq 2500 sequencing; Single-end sequencing of Arabidopsis thaliana leaf before and during heat or cold or salt stress in four mediator mutants and WT plants	med9_HS30_A	0f39942e829931d123baeaa131ba21ec	239602840	ftp.sra.ebi.ac.uk/vol1/fastq/ERR341/002/ERR3414642/ERR3414642.fastq.gz	ftp.sra.ebi.ac.uk/vol1/fastq/ERR341/002/ERR3414642/ERR3414642.fastq.gz	fasp.sra.ebi.ac.uk:/vol1/fastq/ERR341/002/ERR3414642/ERR3414642.fastq.gz
SAMEA5754868	ERR3414643	ERX3438265	SAMEA5754868	ERS3558324	PRJEB33339	ERP116123		ERA2029351	UPSC-0153-R0049	UPSC-0153-E0025	UPSC-0153-S0025	UPSC-0153	SINGLE	RANDOM	TRANSCRIPTOMIC	RNA-Seq	P6960_126	Illumina HiSeq 2500	ILLUMINA	637889589.0	12507639.0	3702	Arabidopsis thaliana	P6960_126	Illumina HiSeq 2500 sequencing; Single-end sequencing of Arabidopsis thaliana leaf before and during heat or cold or salt stress in four mediator mutants and WT plants	Specific functions for Mediator complex subunits from different modules in the transcriptional response of Arabidopsis thaliana to abiotic stress	Illumina HiSeq 2500 sequencing; Single-end sequencing of Arabidopsis thaliana leaf before and during heat or cold or salt stress in four mediator mutants and WT plants	med9_HS30_B	1a5e5afb4b830f43065b0a1816668a8f	385510875	ftp.sra.ebi.ac.uk/vol1/fastq/ERR341/003/ERR3414643/ERR3414643.fastq.gz	ftp.sra.ebi.ac.uk/vol1/fastq/ERR341/003/ERR3414643/ERR3414643.fastq.gz	fasp.sra.ebi.ac.uk:/vol1/fastq/ERR341/003/ERR3414643/ERR3414643.fastq.gz
SAMEA5754868	ERR3414644	ERX3438265	SAMEA5754868	ERS3558324	PRJEB33339	ERP116123		ERA2029351	UPSC-0153-R0050	UPSC-0153-E0025	UPSC-0153-S0025	UPSC-0153	SINGLE	RANDOM	TRANSCRIPTOMIC	RNA-Seq	P6960_126	Illumina HiSeq 2500	ILLUMINA	634001604.0	12431404.0	3702	Arabidopsis thaliana	P6960_126	Illumina HiSeq 2500 sequencing; Single-end sequencing of Arabidopsis thaliana leaf before and during heat or cold or salt stress in four mediator mutants and WT plants	Specific functions for Mediator complex subunits from different modules in the transcriptional response of Arabidopsis thaliana to abiotic stress	Illumina HiSeq 2500 sequencing; Single-end sequencing of Arabidopsis thaliana leaf before and during heat or cold or salt stress in four mediator mutants and WT plants	med9_HS30_B	76fd543651e5054b64a68b070f043c87	381154354	ftp.sra.ebi.ac.uk/vol1/fastq/ERR341/004/ERR3414644/ERR3414644.fastq.gz	ftp.sra.ebi.ac.uk/vol1/fastq/ERR341/004/ERR3414644/ERR3414644.fastq.gz	fasp.sra.ebi.ac.uk:/vol1/fastq/ERR341/004/ERR3414644/ERR3414644.fastq.gz
SAMEA5754869	ERR3414645	ERX3438266	SAMEA5754869	ERS3558325	PRJEB33339	ERP116123		ERA2029351	UPSC-0153-R0051	UPSC-0153-E0026	UPSC-0153-S0026	UPSC-0153	SINGLE	RANDOM	TRANSCRIPTOMIC	RNA-Seq	P6960_127	Illumina HiSeq 2500	ILLUMINA	640898997.0	12566647.0	3702	Arabidopsis thaliana	P6960_127	Illumina HiSeq 2500 sequencing; Single-end sequencing of Arabidopsis thaliana leaf before and during heat or cold or salt stress in four mediator mutants and WT plants	Specific functions for Mediator complex subunits from different modules in the transcriptional response of Arabidopsis thaliana to abiotic stress	Illumina HiSeq 2500 sequencing; Single-end sequencing of Arabidopsis thaliana leaf before and during heat or cold or salt stress in four mediator mutants and WT plants	med9_HS30_C	6568226f0629bb1a3844f6830c508282	399356758	ftp.sra.ebi.ac.uk/vol1/fastq/ERR341/005/ERR3414645/ERR3414645.fastq.gz	ftp.sra.ebi.ac.uk/vol1/fastq/ERR341/005/ERR3414645/ERR3414645.fastq.gz	fasp.sra.ebi.ac.uk:/vol1/fastq/ERR341/005/ERR3414645/ERR3414645.fastq.gz
SAMEA5754869	ERR3414646	ERX3438266	SAMEA5754869	ERS3558325	PRJEB33339	ERP116123		ERA2029351	UPSC-0153-R0052	UPSC-0153-E0026	UPSC-0153-S0026	UPSC-0153	SINGLE	RANDOM	TRANSCRIPTOMIC	RNA-Seq	P6960_127	Illumina HiSeq 2500	ILLUMINA	635226114.0	12455414.0	3702	Arabidopsis thaliana	P6960_127	Illumina HiSeq 2500 sequencing; Single-end sequencing of Arabidopsis thaliana leaf before and during heat or cold or salt stress in four mediator mutants and WT plants	Specific functions for Mediator complex subunits from different modules in the transcriptional response of Arabidopsis thaliana to abiotic stress	Illumina HiSeq 2500 sequencing; Single-end sequencing of Arabidopsis thaliana leaf before and during heat or cold or salt stress in four mediator mutants and WT plants	med9_HS30_C	96d384f475e36903fe6c972e2e00d0df	394038542	ftp.sra.ebi.ac.uk/vol1/fastq/ERR341/006/ERR3414646/ERR3414646.fastq.gz	ftp.sra.ebi.ac.uk/vol1/fastq/ERR341/006/ERR3414646/ERR3414646.fastq.gz	fasp.sra.ebi.ac.uk:/vol1/fastq/ERR341/006/ERR3414646/ERR3414646.fastq.gz
SAMEA5754870	ERR3414647	ERX3438267	SAMEA5754870	ERS3558326	PRJEB33339	ERP116123		ERA2029351	UPSC-0153-R0053	UPSC-0153-E0027	UPSC-0153-S0027	UPSC-0153	SINGLE	RANDOM	TRANSCRIPTOMIC	RNA-Seq	P6960_128	Illumina HiSeq 2500	ILLUMINA	610561188.0	11971788.0	3702	Arabidopsis thaliana	P6960_128	Illumina HiSeq 2500 sequencing; Single-end sequencing of Arabidopsis thaliana leaf before and during heat or cold or salt stress in four mediator mutants and WT plants	Specific functions for Mediator complex subunits from different modules in the transcriptional response of Arabidopsis thaliana to abiotic stress	Illumina HiSeq 2500 sequencing; Single-end sequencing of Arabidopsis thaliana leaf before and during heat or cold or salt stress in four mediator mutants and WT plants	med9_HS30_D	66eabe1883a2320a560d53a95c5dc9e4	379044528	ftp.sra.ebi.ac.uk/vol1/fastq/ERR341/007/ERR3414647/ERR3414647.fastq.gz	ftp.sra.ebi.ac.uk/vol1/fastq/ERR341/007/ERR3414647/ERR3414647.fastq.gz	fasp.sra.ebi.ac.uk:/vol1/fastq/ERR341/007/ERR3414647/ERR3414647.fastq.gz
SAMEA5754870	ERR3414648	ERX3438267	SAMEA5754870	ERS3558326	PRJEB33339	ERP116123		ERA2029351	UPSC-0153-R0054	UPSC-0153-E0027	UPSC-0153-S0027	UPSC-0153	SINGLE	RANDOM	TRANSCRIPTOMIC	RNA-Seq	P6960_128	Illumina HiSeq 2500	ILLUMINA	606196659.0	11886209.0	3702	Arabidopsis thaliana	P6960_128	Illumina HiSeq 2500 sequencing; Single-end sequencing of Arabidopsis thaliana leaf before and during heat or cold or salt stress in four mediator mutants and WT plants	Specific functions for Mediator complex subunits from different modules in the transcriptional response of Arabidopsis thaliana to abiotic stress	Illumina HiSeq 2500 sequencing; Single-end sequencing of Arabidopsis thaliana leaf before and during heat or cold or salt stress in four mediator mutants and WT plants	med9_HS30_D	ae82734413b67c213f614496e2f498b9	374326792	ftp.sra.ebi.ac.uk/vol1/fastq/ERR341/008/ERR3414648/ERR3414648.fastq.gz	ftp.sra.ebi.ac.uk/vol1/fastq/ERR341/008/ERR3414648/ERR3414648.fastq.gz	fasp.sra.ebi.ac.uk:/vol1/fastq/ERR341/008/ERR3414648/ERR3414648.fastq.gz
SAMEA5754871	ERR3414649	ERX3438268	SAMEA5754871	ERS3558327	PRJEB33339	ERP116123		ERA2029351	UPSC-0153-R0055	UPSC-0153-E0028	UPSC-0153-S0028	UPSC-0153	SINGLE	RANDOM	TRANSCRIPTOMIC	RNA-Seq	P6960_129	Illumina HiSeq 2500	ILLUMINA	617508306.0	12108006.0	3702	Arabidopsis thaliana	P6960_129	Illumina HiSeq 2500 sequencing; Single-end sequencing of Arabidopsis thaliana leaf before and during heat or cold or salt stress in four mediator mutants and WT plants	Specific functions for Mediator complex subunits from different modules in the transcriptional response of Arabidopsis thaliana to abiotic stress	Illumina HiSeq 2500 sequencing; Single-end sequencing of Arabidopsis thaliana leaf before and during heat or cold or salt stress in four mediator mutants and WT plants	med16_HS30_A	2e465a4e3f74e9574583887f31fae59b	379900354	ftp.sra.ebi.ac.uk/vol1/fastq/ERR341/009/ERR3414649/ERR3414649.fastq.gz	ftp.sra.ebi.ac.uk/vol1/fastq/ERR341/009/ERR3414649/ERR3414649.fastq.gz	fasp.sra.ebi.ac.uk:/vol1/fastq/ERR341/009/ERR3414649/ERR3414649.fastq.gz
SAMEA5754871	ERR3414650	ERX3438268	SAMEA5754871	ERS3558327	PRJEB33339	ERP116123		ERA2029351	UPSC-0153-R0056	UPSC-0153-E0028	UPSC-0153-S0028	UPSC-0153	SINGLE	RANDOM	TRANSCRIPTOMIC	RNA-Seq	P6960_129	Illumina HiSeq 2500	ILLUMINA	614311269.0	12045319.0	3702	Arabidopsis thaliana	P6960_129	Illumina HiSeq 2500 sequencing; Single-end sequencing of Arabidopsis thaliana leaf before and during heat or cold or salt stress in four mediator mutants and WT plants	Specific functions for Mediator complex subunits from different modules in the transcriptional response of Arabidopsis thaliana to abiotic stress	Illumina HiSeq 2500 sequencing; Single-end sequencing of Arabidopsis thaliana leaf before and during heat or cold or salt stress in four mediator mutants and WT plants	med16_HS30_A	fcb64b999c295fd7efbd9711e4443c7e	375629076	ftp.sra.ebi.ac.uk/vol1/fastq/ERR341/000/ERR3414650/ERR3414650.fastq.gz	ftp.sra.ebi.ac.uk/vol1/fastq/ERR341/000/ERR3414650/ERR3414650.fastq.gz	fasp.sra.ebi.ac.uk:/vol1/fastq/ERR341/000/ERR3414650/ERR3414650.fastq.gz
SAMEA5754872	ERR3414651	ERX3438269	SAMEA5754872	ERS3558328	PRJEB33339	ERP116123		ERA2029351	UPSC-0153-R0057	UPSC-0153-E0029	UPSC-0153-S0029	UPSC-0153	SINGLE	RANDOM	TRANSCRIPTOMIC	RNA-Seq	P6960_130	Illumina HiSeq 2500	ILLUMINA	661005696.0	12960896.0	3702	Arabidopsis thaliana	P6960_130	Illumina HiSeq 2500 sequencing; Single-end sequencing of Arabidopsis thaliana leaf before and during heat or cold or salt stress in four mediator mutants and WT plants	Specific functions for Mediator complex subunits from different modules in the transcriptional response of Arabidopsis thaliana to abiotic stress	Illumina HiSeq 2500 sequencing; Single-end sequencing of Arabidopsis thaliana leaf before and during heat or cold or salt stress in four mediator mutants and WT plants	med16_HS30_B	aa3ee97bb50b13ed165e1969b7e61ee9	415403049	ftp.sra.ebi.ac.uk/vol1/fastq/ERR341/001/ERR3414651/ERR3414651.fastq.gz	ftp.sra.ebi.ac.uk/vol1/fastq/ERR341/001/ERR3414651/ERR3414651.fastq.gz	fasp.sra.ebi.ac.uk:/vol1/fastq/ERR341/001/ERR3414651/ERR3414651.fastq.gz
SAMEA5754872	ERR3414652	ERX3438269	SAMEA5754872	ERS3558328	PRJEB33339	ERP116123		ERA2029351	UPSC-0153-R0058	UPSC-0153-E0029	UPSC-0153-S0029	UPSC-0153	SINGLE	RANDOM	TRANSCRIPTOMIC	RNA-Seq	P6960_130	Illumina HiSeq 2500	ILLUMINA	655833429.0	12859479.0	3702	Arabidopsis thaliana	P6960_130	Illumina HiSeq 2500 sequencing; Single-end sequencing of Arabidopsis thaliana leaf before and during heat or cold or salt stress in four mediator mutants and WT plants	Specific functions for Mediator complex subunits from different modules in the transcriptional response of Arabidopsis thaliana to abiotic stress	Illumina HiSeq 2500 sequencing; Single-end sequencing of Arabidopsis thaliana leaf before and during heat or cold or salt stress in four mediator mutants and WT plants	med16_HS30_B	c380479649b0a5e12608ddd9dfef6cb5	409929603	ftp.sra.ebi.ac.uk/vol1/fastq/ERR341/002/ERR3414652/ERR3414652.fastq.gz	ftp.sra.ebi.ac.uk/vol1/fastq/ERR341/002/ERR3414652/ERR3414652.fastq.gz	fasp.sra.ebi.ac.uk:/vol1/fastq/ERR341/002/ERR3414652/ERR3414652.fastq.gz
SAMEA5754873	ERR3414653	ERX3438270	SAMEA5754873	ERS3558329	PRJEB33339	ERP116123		ERA2029351	UPSC-0153-R0059	UPSC-0153-E0030	UPSC-0153-S0030	UPSC-0153	SINGLE	RANDOM	TRANSCRIPTOMIC	RNA-Seq	P6960_131	Illumina HiSeq 2500	ILLUMINA	713869746.0	13997446.0	3702	Arabidopsis thaliana	P6960_131	Illumina HiSeq 2500 sequencing; Single-end sequencing of Arabidopsis thaliana leaf before and during heat or cold or salt stress in four mediator mutants and WT plants	Specific functions for Mediator complex subunits from different modules in the transcriptional response of Arabidopsis thaliana to abiotic stress	Illumina HiSeq 2500 sequencing; Single-end sequencing of Arabidopsis thaliana leaf before and during heat or cold or salt stress in four mediator mutants and WT plants	med16_HS30_C	490561425ff85037e959f19a6dedab9a	437676605	ftp.sra.ebi.ac.uk/vol1/fastq/ERR341/003/ERR3414653/ERR3414653.fastq.gz	ftp.sra.ebi.ac.uk/vol1/fastq/ERR341/003/ERR3414653/ERR3414653.fastq.gz	fasp.sra.ebi.ac.uk:/vol1/fastq/ERR341/003/ERR3414653/ERR3414653.fastq.gz
SAMEA5754873	ERR3414654	ERX3438270	SAMEA5754873	ERS3558329	PRJEB33339	ERP116123		ERA2029351	UPSC-0153-R0060	UPSC-0153-E0030	UPSC-0153-S0030	UPSC-0153	SINGLE	RANDOM	TRANSCRIPTOMIC	RNA-Seq	P6960_131	Illumina HiSeq 2500	ILLUMINA	707989752.0	13882152.0	3702	Arabidopsis thaliana	P6960_131	Illumina HiSeq 2500 sequencing; Single-end sequencing of Arabidopsis thaliana leaf before and during heat or cold or salt stress in four mediator mutants and WT plants	Specific functions for Mediator complex subunits from different modules in the transcriptional response of Arabidopsis thaliana to abiotic stress	Illumina HiSeq 2500 sequencing; Single-end sequencing of Arabidopsis thaliana leaf before and during heat or cold or salt stress in four mediator mutants and WT plants	med16_HS30_C	d595d86bd0e1be208f58b6d64b0aeeb8	431845574	ftp.sra.ebi.ac.uk/vol1/fastq/ERR341/004/ERR3414654/ERR3414654.fastq.gz	ftp.sra.ebi.ac.uk/vol1/fastq/ERR341/004/ERR3414654/ERR3414654.fastq.gz	fasp.sra.ebi.ac.uk:/vol1/fastq/ERR341/004/ERR3414654/ERR3414654.fastq.gz
SAMEA5754874	ERR3414655	ERX3438271	SAMEA5754874	ERS3558330	PRJEB33339	ERP116123		ERA2029351	UPSC-0153-R0061	UPSC-0153-E0031	UPSC-0153-S0031	UPSC-0153	SINGLE	RANDOM	TRANSCRIPTOMIC	RNA-Seq	P6960_132	Illumina HiSeq 2500	ILLUMINA	692413179.0	13576729.0	3702	Arabidopsis thaliana	P6960_132	Illumina HiSeq 2500 sequencing; Single-end sequencing of Arabidopsis thaliana leaf before and during heat or cold or salt stress in four mediator mutants and WT plants	Specific functions for Mediator complex subunits from different modules in the transcriptional response of Arabidopsis thaliana to abiotic stress	Illumina HiSeq 2500 sequencing; Single-end sequencing of Arabidopsis thaliana leaf before and during heat or cold or salt stress in four mediator mutants and WT plants	med16_HS30_D	1f2ba5cf3930f159277d1b52a15c9d3d	429100856	ftp.sra.ebi.ac.uk/vol1/fastq/ERR341/005/ERR3414655/ERR3414655.fastq.gz	ftp.sra.ebi.ac.uk/vol1/fastq/ERR341/005/ERR3414655/ERR3414655.fastq.gz	fasp.sra.ebi.ac.uk:/vol1/fastq/ERR341/005/ERR3414655/ERR3414655.fastq.gz
SAMEA5754874	ERR3414656	ERX3438271	SAMEA5754874	ERS3558330	PRJEB33339	ERP116123		ERA2029351	UPSC-0153-R0062	UPSC-0153-E0031	UPSC-0153-S0031	UPSC-0153	SINGLE	RANDOM	TRANSCRIPTOMIC	RNA-Seq	P6960_132	Illumina HiSeq 2500	ILLUMINA	687167778.0	13473878.0	3702	Arabidopsis thaliana	P6960_132	Illumina HiSeq 2500 sequencing; Single-end sequencing of Arabidopsis thaliana leaf before and during heat or cold or salt stress in four mediator mutants and WT plants	Specific functions for Mediator complex subunits from different modules in the transcriptional response of Arabidopsis thaliana to abiotic stress	Illumina HiSeq 2500 sequencing; Single-end sequencing of Arabidopsis thaliana leaf before and during heat or cold or salt stress in four mediator mutants and WT plants	med16_HS30_D	2089784d5014eb2c4c881cd5e3aaced2	423706367	ftp.sra.ebi.ac.uk/vol1/fastq/ERR341/006/ERR3414656/ERR3414656.fastq.gz	ftp.sra.ebi.ac.uk/vol1/fastq/ERR341/006/ERR3414656/ERR3414656.fastq.gz	fasp.sra.ebi.ac.uk:/vol1/fastq/ERR341/006/ERR3414656/ERR3414656.fastq.gz
SAMEA5754875	ERR3414657	ERX3438272	SAMEA5754875	ERS3558331	PRJEB33339	ERP116123		ERA2029351	UPSC-0153-R0063	UPSC-0153-E0032	UPSC-0153-S0032	UPSC-0153	SINGLE	RANDOM	TRANSCRIPTOMIC	RNA-Seq	P6960_133	Illumina HiSeq 2500	ILLUMINA	656680437.0	12876087.0	3702	Arabidopsis thaliana	P6960_133	Illumina HiSeq 2500 sequencing; Single-end sequencing of Arabidopsis thaliana leaf before and during heat or cold or salt stress in four mediator mutants and WT plants	Specific functions for Mediator complex subunits from different modules in the transcriptional response of Arabidopsis thaliana to abiotic stress	Illumina HiSeq 2500 sequencing; Single-end sequencing of Arabidopsis thaliana leaf before and during heat or cold or salt stress in four mediator mutants and WT plants	med18_HS30_A	c36cf7488f268d1300f85e21a01e761f	398475882	ftp.sra.ebi.ac.uk/vol1/fastq/ERR341/007/ERR3414657/ERR3414657.fastq.gz	ftp.sra.ebi.ac.uk/vol1/fastq/ERR341/007/ERR3414657/ERR3414657.fastq.gz	fasp.sra.ebi.ac.uk:/vol1/fastq/ERR341/007/ERR3414657/ERR3414657.fastq.gz
SAMEA5754875	ERR3414658	ERX3438272	SAMEA5754875	ERS3558331	PRJEB33339	ERP116123		ERA2029351	UPSC-0153-R0064	UPSC-0153-E0032	UPSC-0153-S0032	UPSC-0153	SINGLE	RANDOM	TRANSCRIPTOMIC	RNA-Seq	P6960_133	Illumina HiSeq 2500	ILLUMINA	651921933.0	12782783.0	3702	Arabidopsis thaliana	P6960_133	Illumina HiSeq 2500 sequencing; Single-end sequencing of Arabidopsis thaliana leaf before and during heat or cold or salt stress in four mediator mutants and WT plants	Specific functions for Mediator complex subunits from different modules in the transcriptional response of Arabidopsis thaliana to abiotic stress	Illumina HiSeq 2500 sequencing; Single-end sequencing of Arabidopsis thaliana leaf before and during heat or cold or salt stress in four mediator mutants and WT plants	med18_HS30_A	cc620db582f4d54a46ce1c4452413fb6	393482466	ftp.sra.ebi.ac.uk/vol1/fastq/ERR341/008/ERR3414658/ERR3414658.fastq.gz	ftp.sra.ebi.ac.uk/vol1/fastq/ERR341/008/ERR3414658/ERR3414658.fastq.gz	fasp.sra.ebi.ac.uk:/vol1/fastq/ERR341/008/ERR3414658/ERR3414658.fastq.gz
SAMEA5754876	ERR3414659	ERX3438273	SAMEA5754876	ERS3558332	PRJEB33339	ERP116123		ERA2029351	UPSC-0153-R0065	UPSC-0153-E0033	UPSC-0153-S0033	UPSC-0153	SINGLE	RANDOM	TRANSCRIPTOMIC	RNA-Seq	P6960_134	Illumina HiSeq 2500	ILLUMINA	692390331.0	13576281.0	3702	Arabidopsis thaliana	P6960_134	Illumina HiSeq 2500 sequencing; Single-end sequencing of Arabidopsis thaliana leaf before and during heat or cold or salt stress in four mediator mutants and WT plants	Specific functions for Mediator complex subunits from different modules in the transcriptional response of Arabidopsis thaliana to abiotic stress	Illumina HiSeq 2500 sequencing; Single-end sequencing of Arabidopsis thaliana leaf before and during heat or cold or salt stress in four mediator mutants and WT plants	med18_HS30_B	f6e7454960aa4a4daccb9a4d1c67af55	418027932	ftp.sra.ebi.ac.uk/vol1/fastq/ERR341/009/ERR3414659/ERR3414659.fastq.gz	ftp.sra.ebi.ac.uk/vol1/fastq/ERR341/009/ERR3414659/ERR3414659.fastq.gz	fasp.sra.ebi.ac.uk:/vol1/fastq/ERR341/009/ERR3414659/ERR3414659.fastq.gz
SAMEA5754876	ERR3414660	ERX3438273	SAMEA5754876	ERS3558332	PRJEB33339	ERP116123		ERA2029351	UPSC-0153-R0066	UPSC-0153-E0033	UPSC-0153-S0033	UPSC-0153	SINGLE	RANDOM	TRANSCRIPTOMIC	RNA-Seq	P6960_134	Illumina HiSeq 2500	ILLUMINA	686675373.0	13464223.0	3702	Arabidopsis thaliana	P6960_134	Illumina HiSeq 2500 sequencing; Single-end sequencing of Arabidopsis thaliana leaf before and during heat or cold or salt stress in four mediator mutants and WT plants	Specific functions for Mediator complex subunits from different modules in the transcriptional response of Arabidopsis thaliana to abiotic stress	Illumina HiSeq 2500 sequencing; Single-end sequencing of Arabidopsis thaliana leaf before and during heat or cold or salt stress in four mediator mutants and WT plants	med18_HS30_B	e1e6a2055dc718e432ac5d8b7f813af5	412460791	ftp.sra.ebi.ac.uk/vol1/fastq/ERR341/000/ERR3414660/ERR3414660.fastq.gz	ftp.sra.ebi.ac.uk/vol1/fastq/ERR341/000/ERR3414660/ERR3414660.fastq.gz	fasp.sra.ebi.ac.uk:/vol1/fastq/ERR341/000/ERR3414660/ERR3414660.fastq.gz
SAMEA5754877	ERR3414661	ERX3438274	SAMEA5754877	ERS3558333	PRJEB33339	ERP116123		ERA2029351	UPSC-0153-R0067	UPSC-0153-E0034	UPSC-0153-S0034	UPSC-0153	SINGLE	RANDOM	TRANSCRIPTOMIC	RNA-Seq	P6960_135	Illumina HiSeq 2500	ILLUMINA	748224825.0	14671075.0	3702	Arabidopsis thaliana	P6960_135	Illumina HiSeq 2500 sequencing; Single-end sequencing of Arabidopsis thaliana leaf before and during heat or cold or salt stress in four mediator mutants and WT plants	Specific functions for Mediator complex subunits from different modules in the transcriptional response of Arabidopsis thaliana to abiotic stress	Illumina HiSeq 2500 sequencing; Single-end sequencing of Arabidopsis thaliana leaf before and during heat or cold or salt stress in four mediator mutants and WT plants	med18_HS30_C	9c57e44da134c28528a996b411d72e56	459878947	ftp.sra.ebi.ac.uk/vol1/fastq/ERR341/001/ERR3414661/ERR3414661.fastq.gz	ftp.sra.ebi.ac.uk/vol1/fastq/ERR341/001/ERR3414661/ERR3414661.fastq.gz	fasp.sra.ebi.ac.uk:/vol1/fastq/ERR341/001/ERR3414661/ERR3414661.fastq.gz
SAMEA5754877	ERR3414662	ERX3438274	SAMEA5754877	ERS3558333	PRJEB33339	ERP116123		ERA2029351	UPSC-0153-R0068	UPSC-0153-E0034	UPSC-0153-S0034	UPSC-0153	SINGLE	RANDOM	TRANSCRIPTOMIC	RNA-Seq	P6960_135	Illumina HiSeq 2500	ILLUMINA	741501597.0	14539247.0	3702	Arabidopsis thaliana	P6960_135	Illumina HiSeq 2500 sequencing; Single-end sequencing of Arabidopsis thaliana leaf before and during heat or cold or salt stress in four mediator mutants and WT plants	Specific functions for Mediator complex subunits from different modules in the transcriptional response of Arabidopsis thaliana to abiotic stress	Illumina HiSeq 2500 sequencing; Single-end sequencing of Arabidopsis thaliana leaf before and during heat or cold or salt stress in four mediator mutants and WT plants	med18_HS30_C	f12dc82ba8564d6e710d5a89f5731646	453685947	ftp.sra.ebi.ac.uk/vol1/fastq/ERR341/002/ERR3414662/ERR3414662.fastq.gz	ftp.sra.ebi.ac.uk/vol1/fastq/ERR341/002/ERR3414662/ERR3414662.fastq.gz	fasp.sra.ebi.ac.uk:/vol1/fastq/ERR341/002/ERR3414662/ERR3414662.fastq.gz
SAMEA5754878	ERR3414663	ERX3438275	SAMEA5754878	ERS3558334	PRJEB33339	ERP116123		ERA2029351	UPSC-0153-R0069	UPSC-0153-E0035	UPSC-0153-S0035	UPSC-0153	SINGLE	RANDOM	TRANSCRIPTOMIC	RNA-Seq	P6960_136	Illumina HiSeq 2500	ILLUMINA	706053588.0	13844188.0	3702	Arabidopsis thaliana	P6960_136	Illumina HiSeq 2500 sequencing; Single-end sequencing of Arabidopsis thaliana leaf before and during heat or cold or salt stress in four mediator mutants and WT plants	Specific functions for Mediator complex subunits from different modules in the transcriptional response of Arabidopsis thaliana to abiotic stress	Illumina HiSeq 2500 sequencing; Single-end sequencing of Arabidopsis thaliana leaf before and during heat or cold or salt stress in four mediator mutants and WT plants	med18_HS30_D	06d7c38426cffc37034971226603eff6	431018919	ftp.sra.ebi.ac.uk/vol1/fastq/ERR341/003/ERR3414663/ERR3414663.fastq.gz	ftp.sra.ebi.ac.uk/vol1/fastq/ERR341/003/ERR3414663/ERR3414663.fastq.gz	fasp.sra.ebi.ac.uk:/vol1/fastq/ERR341/003/ERR3414663/ERR3414663.fastq.gz
SAMEA5754878	ERR3414664	ERX3438275	SAMEA5754878	ERS3558334	PRJEB33339	ERP116123		ERA2029351	UPSC-0153-R0070	UPSC-0153-E0035	UPSC-0153-S0035	UPSC-0153	SINGLE	RANDOM	TRANSCRIPTOMIC	RNA-Seq	P6960_136	Illumina HiSeq 2500	ILLUMINA	698606772.0	13698172.0	3702	Arabidopsis thaliana	P6960_136	Illumina HiSeq 2500 sequencing; Single-end sequencing of Arabidopsis thaliana leaf before and during heat or cold or salt stress in four mediator mutants and WT plants	Specific functions for Mediator complex subunits from different modules in the transcriptional response of Arabidopsis thaliana to abiotic stress	Illumina HiSeq 2500 sequencing; Single-end sequencing of Arabidopsis thaliana leaf before and during heat or cold or salt stress in four mediator mutants and WT plants	med18_HS30_D	f3597cd897b6ba0c793b07f8f4e13d1c	424426248	ftp.sra.ebi.ac.uk/vol1/fastq/ERR341/004/ERR3414664/ERR3414664.fastq.gz	ftp.sra.ebi.ac.uk/vol1/fastq/ERR341/004/ERR3414664/ERR3414664.fastq.gz	fasp.sra.ebi.ac.uk:/vol1/fastq/ERR341/004/ERR3414664/ERR3414664.fastq.gz
SAMEA5754879	ERR3414665	ERX3438276	SAMEA5754879	ERS3558335	PRJEB33339	ERP116123		ERA2029351	UPSC-0153-R0071	UPSC-0153-E0036	UPSC-0153-S0036	UPSC-0153	SINGLE	RANDOM	TRANSCRIPTOMIC	RNA-Seq	P6960_137	Illumina HiSeq 2500	ILLUMINA	725244225.0	14220475.0	3702	Arabidopsis thaliana	P6960_137	Illumina HiSeq 2500 sequencing; Single-end sequencing of Arabidopsis thaliana leaf before and during heat or cold or salt stress in four mediator mutants and WT plants	Specific functions for Mediator complex subunits from different modules in the transcriptional response of Arabidopsis thaliana to abiotic stress	Illumina HiSeq 2500 sequencing; Single-end sequencing of Arabidopsis thaliana leaf before and during heat or cold or salt stress in four mediator mutants and WT plants	cdk8_HS30_A	391402aa6377d073f87d3420959ff7a0	445294106	ftp.sra.ebi.ac.uk/vol1/fastq/ERR341/005/ERR3414665/ERR3414665.fastq.gz	ftp.sra.ebi.ac.uk/vol1/fastq/ERR341/005/ERR3414665/ERR3414665.fastq.gz	fasp.sra.ebi.ac.uk:/vol1/fastq/ERR341/005/ERR3414665/ERR3414665.fastq.gz
SAMEA5754879	ERR3414666	ERX3438276	SAMEA5754879	ERS3558335	PRJEB33339	ERP116123		ERA2029351	UPSC-0153-R0072	UPSC-0153-E0036	UPSC-0153-S0036	UPSC-0153	SINGLE	RANDOM	TRANSCRIPTOMIC	RNA-Seq	P6960_137	Illumina HiSeq 2500	ILLUMINA	717863913.0	14075763.0	3702	Arabidopsis thaliana	P6960_137	Illumina HiSeq 2500 sequencing; Single-end sequencing of Arabidopsis thaliana leaf before and during heat or cold or salt stress in four mediator mutants and WT plants	Specific functions for Mediator complex subunits from different modules in the transcriptional response of Arabidopsis thaliana to abiotic stress	Illumina HiSeq 2500 sequencing; Single-end sequencing of Arabidopsis thaliana leaf before and during heat or cold or salt stress in four mediator mutants and WT plants	cdk8_HS30_A	cc6203f1f47c33e5f9fcd80b29a1b9fd	438724969	ftp.sra.ebi.ac.uk/vol1/fastq/ERR341/006/ERR3414666/ERR3414666.fastq.gz	ftp.sra.ebi.ac.uk/vol1/fastq/ERR341/006/ERR3414666/ERR3414666.fastq.gz	fasp.sra.ebi.ac.uk:/vol1/fastq/ERR341/006/ERR3414666/ERR3414666.fastq.gz
SAMEA5754880	ERR3414667	ERX3438277	SAMEA5754880	ERS3558336	PRJEB33339	ERP116123		ERA2029351	UPSC-0153-R0073	UPSC-0153-E0037	UPSC-0153-S0037	UPSC-0153	SINGLE	RANDOM	TRANSCRIPTOMIC	RNA-Seq	P6960_138	Illumina HiSeq 2500	ILLUMINA	704278584.0	13809384.0	3702	Arabidopsis thaliana	P6960_138	Illumina HiSeq 2500 sequencing; Single-end sequencing of Arabidopsis thaliana leaf before and during heat or cold or salt stress in four mediator mutants and WT plants	Specific functions for Mediator complex subunits from different modules in the transcriptional response of Arabidopsis thaliana to abiotic stress	Illumina HiSeq 2500 sequencing; Single-end sequencing of Arabidopsis thaliana leaf before and during heat or cold or salt stress in four mediator mutants and WT plants	cdk8_HS30_B	299560355cfd21bfd7ccd20745d8f57f	437602377	ftp.sra.ebi.ac.uk/vol1/fastq/ERR341/007/ERR3414667/ERR3414667.fastq.gz	ftp.sra.ebi.ac.uk/vol1/fastq/ERR341/007/ERR3414667/ERR3414667.fastq.gz	fasp.sra.ebi.ac.uk:/vol1/fastq/ERR341/007/ERR3414667/ERR3414667.fastq.gz
SAMEA5754880	ERR3414668	ERX3438277	SAMEA5754880	ERS3558336	PRJEB33339	ERP116123		ERA2029351	UPSC-0153-R0074	UPSC-0153-E0037	UPSC-0153-S0037	UPSC-0153	SINGLE	RANDOM	TRANSCRIPTOMIC	RNA-Seq	P6960_138	Illumina HiSeq 2500	ILLUMINA	697858398.0	13683498.0	3702	Arabidopsis thaliana	P6960_138	Illumina HiSeq 2500 sequencing; Single-end sequencing of Arabidopsis thaliana leaf before and during heat or cold or salt stress in four mediator mutants and WT plants	Specific functions for Mediator complex subunits from different modules in the transcriptional response of Arabidopsis thaliana to abiotic stress	Illumina HiSeq 2500 sequencing; Single-end sequencing of Arabidopsis thaliana leaf before and during heat or cold or salt stress in four mediator mutants and WT plants	cdk8_HS30_B	d1cea8732c95f3f5282c39d2b5456615	431458454	ftp.sra.ebi.ac.uk/vol1/fastq/ERR341/008/ERR3414668/ERR3414668.fastq.gz	ftp.sra.ebi.ac.uk/vol1/fastq/ERR341/008/ERR3414668/ERR3414668.fastq.gz	fasp.sra.ebi.ac.uk:/vol1/fastq/ERR341/008/ERR3414668/ERR3414668.fastq.gz
SAMEA5754881	ERR3414669	ERX3438278	SAMEA5754881	ERS3558337	PRJEB33339	ERP116123		ERA2029351	UPSC-0153-R0075	UPSC-0153-E0038	UPSC-0153-S0038	UPSC-0153	SINGLE	RANDOM	TRANSCRIPTOMIC	RNA-Seq	P6960_139	Illumina HiSeq 2500	ILLUMINA	648734790.0	12720290.0	3702	Arabidopsis thaliana	P6960_139	Illumina HiSeq 2500 sequencing; Single-end sequencing of Arabidopsis thaliana leaf before and during heat or cold or salt stress in four mediator mutants and WT plants	Specific functions for Mediator complex subunits from different modules in the transcriptional response of Arabidopsis thaliana to abiotic stress	Illumina HiSeq 2500 sequencing; Single-end sequencing of Arabidopsis thaliana leaf before and during heat or cold or salt stress in four mediator mutants and WT plants	cdk8_HS30_C	131e5a85ef4ff2031cd02e83aca7733b	399072751	ftp.sra.ebi.ac.uk/vol1/fastq/ERR341/009/ERR3414669/ERR3414669.fastq.gz	ftp.sra.ebi.ac.uk/vol1/fastq/ERR341/009/ERR3414669/ERR3414669.fastq.gz	fasp.sra.ebi.ac.uk:/vol1/fastq/ERR341/009/ERR3414669/ERR3414669.fastq.gz
SAMEA5754881	ERR3414670	ERX3438278	SAMEA5754881	ERS3558337	PRJEB33339	ERP116123		ERA2029351	UPSC-0153-R0076	UPSC-0153-E0038	UPSC-0153-S0038	UPSC-0153	SINGLE	RANDOM	TRANSCRIPTOMIC	RNA-Seq	P6960_139	Illumina HiSeq 2500	ILLUMINA	642386616.0	12595816.0	3702	Arabidopsis thaliana	P6960_139	Illumina HiSeq 2500 sequencing; Single-end sequencing of Arabidopsis thaliana leaf before and during heat or cold or salt stress in four mediator mutants and WT plants	Specific functions for Mediator complex subunits from different modules in the transcriptional response of Arabidopsis thaliana to abiotic stress	Illumina HiSeq 2500 sequencing; Single-end sequencing of Arabidopsis thaliana leaf before and during heat or cold or salt stress in four mediator mutants and WT plants	cdk8_HS30_C	d6c24644592d25e0396f2d326a7aa6ea	393370238	ftp.sra.ebi.ac.uk/vol1/fastq/ERR341/000/ERR3414670/ERR3414670.fastq.gz	ftp.sra.ebi.ac.uk/vol1/fastq/ERR341/000/ERR3414670/ERR3414670.fastq.gz	fasp.sra.ebi.ac.uk:/vol1/fastq/ERR341/000/ERR3414670/ERR3414670.fastq.gz
SAMEA5754882	ERR3414671	ERX3438279	SAMEA5754882	ERS3558338	PRJEB33339	ERP116123		ERA2029351	UPSC-0153-R0077	UPSC-0153-E0039	UPSC-0153-S0039	UPSC-0153	SINGLE	RANDOM	TRANSCRIPTOMIC	RNA-Seq	P6960_140	Illumina HiSeq 2500	ILLUMINA	627020316.0	12294516.0	3702	Arabidopsis thaliana	P6960_140	Illumina HiSeq 2500 sequencing; Single-end sequencing of Arabidopsis thaliana leaf before and during heat or cold or salt stress in four mediator mutants and WT plants	Specific functions for Mediator complex subunits from different modules in the transcriptional response of Arabidopsis thaliana to abiotic stress	Illumina HiSeq 2500 sequencing; Single-end sequencing of Arabidopsis thaliana leaf before and during heat or cold or salt stress in four mediator mutants and WT plants	cdk8_HS30_D	17a3ba541551de7d9f10a5b2711879c9	395136272	ftp.sra.ebi.ac.uk/vol1/fastq/ERR341/001/ERR3414671/ERR3414671.fastq.gz	ftp.sra.ebi.ac.uk/vol1/fastq/ERR341/001/ERR3414671/ERR3414671.fastq.gz	fasp.sra.ebi.ac.uk:/vol1/fastq/ERR341/001/ERR3414671/ERR3414671.fastq.gz
SAMEA5754882	ERR3414672	ERX3438279	SAMEA5754882	ERS3558338	PRJEB33339	ERP116123		ERA2029351	UPSC-0153-R0078	UPSC-0153-E0039	UPSC-0153-S0039	UPSC-0153	SINGLE	RANDOM	TRANSCRIPTOMIC	RNA-Seq	P6960_140	Illumina HiSeq 2500	ILLUMINA	620434380.0	12165380.0	3702	Arabidopsis thaliana	P6960_140	Illumina HiSeq 2500 sequencing; Single-end sequencing of Arabidopsis thaliana leaf before and during heat or cold or salt stress in four mediator mutants and WT plants	Specific functions for Mediator complex subunits from different modules in the transcriptional response of Arabidopsis thaliana to abiotic stress	Illumina HiSeq 2500 sequencing; Single-end sequencing of Arabidopsis thaliana leaf before and during heat or cold or salt stress in four mediator mutants and WT plants	cdk8_HS30_D	9d3b97757c342ac884c850361ff0fdb5	389345715	ftp.sra.ebi.ac.uk/vol1/fastq/ERR341/002/ERR3414672/ERR3414672.fastq.gz	ftp.sra.ebi.ac.uk/vol1/fastq/ERR341/002/ERR3414672/ERR3414672.fastq.gz	fasp.sra.ebi.ac.uk:/vol1/fastq/ERR341/002/ERR3414672/ERR3414672.fastq.gz
SAMEA5754883	ERR3414673	ERX3438280	SAMEA5754883	ERS3558339	PRJEB33339	ERP116123		ERA2029351	UPSC-0153-R0079	UPSC-0153-E0040	UPSC-0153-S0040	UPSC-0153	SINGLE	RANDOM	TRANSCRIPTOMIC	RNA-Seq	P6960_141	Illumina HiSeq 2500	ILLUMINA	677670966.0	13287666.0	3702	Arabidopsis thaliana	P6960_141	Illumina HiSeq 2500 sequencing; Single-end sequencing of Arabidopsis thaliana leaf before and during heat or cold or salt stress in four mediator mutants and WT plants	Specific functions for Mediator complex subunits from different modules in the transcriptional response of Arabidopsis thaliana to abiotic stress	Illumina HiSeq 2500 sequencing; Single-end sequencing of Arabidopsis thaliana leaf before and during heat or cold or salt stress in four mediator mutants and WT plants	WT_HS120_A	b4a09f581e8dea06f240f0eec9e6493f	403259597	ftp.sra.ebi.ac.uk/vol1/fastq/ERR341/003/ERR3414673/ERR3414673.fastq.gz	ftp.sra.ebi.ac.uk/vol1/fastq/ERR341/003/ERR3414673/ERR3414673.fastq.gz	fasp.sra.ebi.ac.uk:/vol1/fastq/ERR341/003/ERR3414673/ERR3414673.fastq.gz
SAMEA5754883	ERR3414674	ERX3438280	SAMEA5754883	ERS3558339	PRJEB33339	ERP116123		ERA2029351	UPSC-0153-R0080	UPSC-0153-E0040	UPSC-0153-S0040	UPSC-0153	SINGLE	RANDOM	TRANSCRIPTOMIC	RNA-Seq	P6960_141	Illumina HiSeq 2500	ILLUMINA	671331870.0	13163370.0	3702	Arabidopsis thaliana	P6960_141	Illumina HiSeq 2500 sequencing; Single-end sequencing of Arabidopsis thaliana leaf before and during heat or cold or salt stress in four mediator mutants and WT plants	Specific functions for Mediator complex subunits from different modules in the transcriptional response of Arabidopsis thaliana to abiotic stress	Illumina HiSeq 2500 sequencing; Single-end sequencing of Arabidopsis thaliana leaf before and during heat or cold or salt stress in four mediator mutants and WT plants	WT_HS120_A	129fd1c15ed1dec84bbb73a802689f8d	397468488	ftp.sra.ebi.ac.uk/vol1/fastq/ERR341/004/ERR3414674/ERR3414674.fastq.gz	ftp.sra.ebi.ac.uk/vol1/fastq/ERR341/004/ERR3414674/ERR3414674.fastq.gz	fasp.sra.ebi.ac.uk:/vol1/fastq/ERR341/004/ERR3414674/ERR3414674.fastq.gz
SAMEA5754884	ERR3414675	ERX3438281	SAMEA5754884	ERS3558340	PRJEB33339	ERP116123		ERA2029351	UPSC-0153-R0081	UPSC-0153-E0041	UPSC-0153-S0041	UPSC-0153	SINGLE	RANDOM	TRANSCRIPTOMIC	RNA-Seq	P6960_142	Illumina HiSeq 2500	ILLUMINA	635777934.0	12466234.0	3702	Arabidopsis thaliana	P6960_142	Illumina HiSeq 2500 sequencing; Single-end sequencing of Arabidopsis thaliana leaf before and during heat or cold or salt stress in four mediator mutants and WT plants	Specific functions for Mediator complex subunits from different modules in the transcriptional response of Arabidopsis thaliana to abiotic stress	Illumina HiSeq 2500 sequencing; Single-end sequencing of Arabidopsis thaliana leaf before and during heat or cold or salt stress in four mediator mutants and WT plants	WT_HS120_B	a02df77934b7ce2adaa5211e30a55cf3	377682601	ftp.sra.ebi.ac.uk/vol1/fastq/ERR341/005/ERR3414675/ERR3414675.fastq.gz	ftp.sra.ebi.ac.uk/vol1/fastq/ERR341/005/ERR3414675/ERR3414675.fastq.gz	fasp.sra.ebi.ac.uk:/vol1/fastq/ERR341/005/ERR3414675/ERR3414675.fastq.gz
SAMEA5754884	ERR3414676	ERX3438281	SAMEA5754884	ERS3558340	PRJEB33339	ERP116123		ERA2029351	UPSC-0153-R0082	UPSC-0153-E0041	UPSC-0153-S0041	UPSC-0153	SINGLE	RANDOM	TRANSCRIPTOMIC	RNA-Seq	P6960_142	Illumina HiSeq 2500	ILLUMINA	637727970.0	12504470.0	3702	Arabidopsis thaliana	P6960_142	Illumina HiSeq 2500 sequencing; Single-end sequencing of Arabidopsis thaliana leaf before and during heat or cold or salt stress in four mediator mutants and WT plants	Specific functions for Mediator complex subunits from different modules in the transcriptional response of Arabidopsis thaliana to abiotic stress	Illumina HiSeq 2500 sequencing; Single-end sequencing of Arabidopsis thaliana leaf before and during heat or cold or salt stress in four mediator mutants and WT plants	WT_HS120_B	0ef013ec90e1416a43abdfac0241d58c	375949724	ftp.sra.ebi.ac.uk/vol1/fastq/ERR341/006/ERR3414676/ERR3414676.fastq.gz	ftp.sra.ebi.ac.uk/vol1/fastq/ERR341/006/ERR3414676/ERR3414676.fastq.gz	fasp.sra.ebi.ac.uk:/vol1/fastq/ERR341/006/ERR3414676/ERR3414676.fastq.gz
SAMEA5754885	ERR3414677	ERX3438282	SAMEA5754885	ERS3558341	PRJEB33339	ERP116123		ERA2029351	UPSC-0153-R0083	UPSC-0153-E0042	UPSC-0153-S0042	UPSC-0153	SINGLE	RANDOM	TRANSCRIPTOMIC	RNA-Seq	P6960_143	Illumina HiSeq 2500	ILLUMINA	619232565.0	12141815.0	3702	Arabidopsis thaliana	P6960_143	Illumina HiSeq 2500 sequencing; Single-end sequencing of Arabidopsis thaliana leaf before and during heat or cold or salt stress in four mediator mutants and WT plants	Specific functions for Mediator complex subunits from different modules in the transcriptional response of Arabidopsis thaliana to abiotic stress	Illumina HiSeq 2500 sequencing; Single-end sequencing of Arabidopsis thaliana leaf before and during heat or cold or salt stress in four mediator mutants and WT plants	WT_HS120_C	ddea99f162c601da79e1a45e3209c83e	371358879	ftp.sra.ebi.ac.uk/vol1/fastq/ERR341/007/ERR3414677/ERR3414677.fastq.gz	ftp.sra.ebi.ac.uk/vol1/fastq/ERR341/007/ERR3414677/ERR3414677.fastq.gz	fasp.sra.ebi.ac.uk:/vol1/fastq/ERR341/007/ERR3414677/ERR3414677.fastq.gz
SAMEA5754885	ERR3414678	ERX3438282	SAMEA5754885	ERS3558341	PRJEB33339	ERP116123		ERA2029351	UPSC-0153-R0084	UPSC-0153-E0042	UPSC-0153-S0042	UPSC-0153	SINGLE	RANDOM	TRANSCRIPTOMIC	RNA-Seq	P6960_143	Illumina HiSeq 2500	ILLUMINA	619125924.0	12139724.0	3702	Arabidopsis thaliana	P6960_143	Illumina HiSeq 2500 sequencing; Single-end sequencing of Arabidopsis thaliana leaf before and during heat or cold or salt stress in four mediator mutants and WT plants	Specific functions for Mediator complex subunits from different modules in the transcriptional response of Arabidopsis thaliana to abiotic stress	Illumina HiSeq 2500 sequencing; Single-end sequencing of Arabidopsis thaliana leaf before and during heat or cold or salt stress in four mediator mutants and WT plants	WT_HS120_C	67bc92701745d1920d02337a6b7763a2	368592756	ftp.sra.ebi.ac.uk/vol1/fastq/ERR341/008/ERR3414678/ERR3414678.fastq.gz	ftp.sra.ebi.ac.uk/vol1/fastq/ERR341/008/ERR3414678/ERR3414678.fastq.gz	fasp.sra.ebi.ac.uk:/vol1/fastq/ERR341/008/ERR3414678/ERR3414678.fastq.gz
SAMEA5754886	ERR3414679	ERX3438283	SAMEA5754886	ERS3558342	PRJEB33339	ERP116123		ERA2029351	UPSC-0153-R0085	UPSC-0153-E0043	UPSC-0153-S0043	UPSC-0153	SINGLE	RANDOM	TRANSCRIPTOMIC	RNA-Seq	P6960_144	Illumina HiSeq 2500	ILLUMINA	583872531.0	11448481.0	3702	Arabidopsis thaliana	P6960_144	Illumina HiSeq 2500 sequencing; Single-end sequencing of Arabidopsis thaliana leaf before and during heat or cold or salt stress in four mediator mutants and WT plants	Specific functions for Mediator complex subunits from different modules in the transcriptional response of Arabidopsis thaliana to abiotic stress	Illumina HiSeq 2500 sequencing; Single-end sequencing of Arabidopsis thaliana leaf before and during heat or cold or salt stress in four mediator mutants and WT plants	WT_HS120_D	3ce74f56888c70ecf23820f9fdbdfb83	358206597	ftp.sra.ebi.ac.uk/vol1/fastq/ERR341/009/ERR3414679/ERR3414679.fastq.gz	ftp.sra.ebi.ac.uk/vol1/fastq/ERR341/009/ERR3414679/ERR3414679.fastq.gz	fasp.sra.ebi.ac.uk:/vol1/fastq/ERR341/009/ERR3414679/ERR3414679.fastq.gz
SAMEA5754886	ERR3414680	ERX3438283	SAMEA5754886	ERS3558342	PRJEB33339	ERP116123		ERA2029351	UPSC-0153-R0086	UPSC-0153-E0043	UPSC-0153-S0043	UPSC-0153	SINGLE	RANDOM	TRANSCRIPTOMIC	RNA-Seq	P6960_144	Illumina HiSeq 2500	ILLUMINA	583524303.0	11441653.0	3702	Arabidopsis thaliana	P6960_144	Illumina HiSeq 2500 sequencing; Single-end sequencing of Arabidopsis thaliana leaf before and during heat or cold or salt stress in four mediator mutants and WT plants	Specific functions for Mediator complex subunits from different modules in the transcriptional response of Arabidopsis thaliana to abiotic stress	Illumina HiSeq 2500 sequencing; Single-end sequencing of Arabidopsis thaliana leaf before and during heat or cold or salt stress in four mediator mutants and WT plants	WT_HS120_D	69269e6b0601a06b57e1b5eb0a397252	355464476	ftp.sra.ebi.ac.uk/vol1/fastq/ERR341/000/ERR3414680/ERR3414680.fastq.gz	ftp.sra.ebi.ac.uk/vol1/fastq/ERR341/000/ERR3414680/ERR3414680.fastq.gz	fasp.sra.ebi.ac.uk:/vol1/fastq/ERR341/000/ERR3414680/ERR3414680.fastq.gz
SAMEA5754887	ERR3414681	ERX3438284	SAMEA5754887	ERS3558343	PRJEB33339	ERP116123		ERA2029351	UPSC-0153-R0087	UPSC-0153-E0044	UPSC-0153-S0044	UPSC-0153	SINGLE	RANDOM	TRANSCRIPTOMIC	RNA-Seq	P6960_145	Illumina HiSeq 2500	ILLUMINA	596052402.0	11687302.0	3702	Arabidopsis thaliana	P6960_145	Illumina HiSeq 2500 sequencing; Single-end sequencing of Arabidopsis thaliana leaf before and during heat or cold or salt stress in four mediator mutants and WT plants	Specific functions for Mediator complex subunits from different modules in the transcriptional response of Arabidopsis thaliana to abiotic stress	Illumina HiSeq 2500 sequencing; Single-end sequencing of Arabidopsis thaliana leaf before and during heat or cold or salt stress in four mediator mutants and WT plants	med9_HS120_A	c8ac7caaa9b40c9a0942feafd1bf4f27	359748422	ftp.sra.ebi.ac.uk/vol1/fastq/ERR341/001/ERR3414681/ERR3414681.fastq.gz	ftp.sra.ebi.ac.uk/vol1/fastq/ERR341/001/ERR3414681/ERR3414681.fastq.gz	fasp.sra.ebi.ac.uk:/vol1/fastq/ERR341/001/ERR3414681/ERR3414681.fastq.gz
SAMEA5754887	ERR3414682	ERX3438284	SAMEA5754887	ERS3558343	PRJEB33339	ERP116123		ERA2029351	UPSC-0153-R0088	UPSC-0153-E0044	UPSC-0153-S0044	UPSC-0153	SINGLE	RANDOM	TRANSCRIPTOMIC	RNA-Seq	P6960_145	Illumina HiSeq 2500	ILLUMINA	596335860.0	11692860.0	3702	Arabidopsis thaliana	P6960_145	Illumina HiSeq 2500 sequencing; Single-end sequencing of Arabidopsis thaliana leaf before and during heat or cold or salt stress in four mediator mutants and WT plants	Specific functions for Mediator complex subunits from different modules in the transcriptional response of Arabidopsis thaliana to abiotic stress	Illumina HiSeq 2500 sequencing; Single-end sequencing of Arabidopsis thaliana leaf before and during heat or cold or salt stress in four mediator mutants and WT plants	med9_HS120_A	55a73d6f6aa067207327ec4a3743bd2c	357291249	ftp.sra.ebi.ac.uk/vol1/fastq/ERR341/002/ERR3414682/ERR3414682.fastq.gz	ftp.sra.ebi.ac.uk/vol1/fastq/ERR341/002/ERR3414682/ERR3414682.fastq.gz	fasp.sra.ebi.ac.uk:/vol1/fastq/ERR341/002/ERR3414682/ERR3414682.fastq.gz
SAMEA5754888	ERR3414683	ERX3438285	SAMEA5754888	ERS3558344	PRJEB33339	ERP116123		ERA2029351	UPSC-0153-R0089	UPSC-0153-E0045	UPSC-0153-S0045	UPSC-0153	SINGLE	RANDOM	TRANSCRIPTOMIC	RNA-Seq	P6960_146	Illumina HiSeq 2500	ILLUMINA	664307079.0	13025629.0	3702	Arabidopsis thaliana	P6960_146	Illumina HiSeq 2500 sequencing; Single-end sequencing of Arabidopsis thaliana leaf before and during heat or cold or salt stress in four mediator mutants and WT plants	Specific functions for Mediator complex subunits from different modules in the transcriptional response of Arabidopsis thaliana to abiotic stress	Illumina HiSeq 2500 sequencing; Single-end sequencing of Arabidopsis thaliana leaf before and during heat or cold or salt stress in four mediator mutants and WT plants	med9_HS120_B	83acedfd58d4acaa5302d44876eed9f0	396160529	ftp.sra.ebi.ac.uk/vol1/fastq/ERR341/003/ERR3414683/ERR3414683.fastq.gz	ftp.sra.ebi.ac.uk/vol1/fastq/ERR341/003/ERR3414683/ERR3414683.fastq.gz	fasp.sra.ebi.ac.uk:/vol1/fastq/ERR341/003/ERR3414683/ERR3414683.fastq.gz
SAMEA5754888	ERR3414684	ERX3438285	SAMEA5754888	ERS3558344	PRJEB33339	ERP116123		ERA2029351	UPSC-0153-R0090	UPSC-0153-E0045	UPSC-0153-S0045	UPSC-0153	SINGLE	RANDOM	TRANSCRIPTOMIC	RNA-Seq	P6960_146	Illumina HiSeq 2500	ILLUMINA	664477062.0	13028962.0	3702	Arabidopsis thaliana	P6960_146	Illumina HiSeq 2500 sequencing; Single-end sequencing of Arabidopsis thaliana leaf before and during heat or cold or salt stress in four mediator mutants and WT plants	Specific functions for Mediator complex subunits from different modules in the transcriptional response of Arabidopsis thaliana to abiotic stress	Illumina HiSeq 2500 sequencing; Single-end sequencing of Arabidopsis thaliana leaf before and during heat or cold or salt stress in four mediator mutants and WT plants	med9_HS120_B	01433298c4568f2c2f9b68e111682fd8	393261212	ftp.sra.ebi.ac.uk/vol1/fastq/ERR341/004/ERR3414684/ERR3414684.fastq.gz	ftp.sra.ebi.ac.uk/vol1/fastq/ERR341/004/ERR3414684/ERR3414684.fastq.gz	fasp.sra.ebi.ac.uk:/vol1/fastq/ERR341/004/ERR3414684/ERR3414684.fastq.gz
SAMEA5754889	ERR3414685	ERX3438286	SAMEA5754889	ERS3558345	PRJEB33339	ERP116123		ERA2029351	UPSC-0153-R0091	UPSC-0153-E0046	UPSC-0153-S0046	UPSC-0153	SINGLE	RANDOM	TRANSCRIPTOMIC	RNA-Seq	P6960_147	Illumina HiSeq 2500	ILLUMINA	599575839.0	11756389.0	3702	Arabidopsis thaliana	P6960_147	Illumina HiSeq 2500 sequencing; Single-end sequencing of Arabidopsis thaliana leaf before and during heat or cold or salt stress in four mediator mutants and WT plants	Specific functions for Mediator complex subunits from different modules in the transcriptional response of Arabidopsis thaliana to abiotic stress	Illumina HiSeq 2500 sequencing; Single-end sequencing of Arabidopsis thaliana leaf before and during heat or cold or salt stress in four mediator mutants and WT plants	med9_HS120_C	f1e6bcad0aaea6310df1385721b6bf57	357695931	ftp.sra.ebi.ac.uk/vol1/fastq/ERR341/005/ERR3414685/ERR3414685.fastq.gz	ftp.sra.ebi.ac.uk/vol1/fastq/ERR341/005/ERR3414685/ERR3414685.fastq.gz	fasp.sra.ebi.ac.uk:/vol1/fastq/ERR341/005/ERR3414685/ERR3414685.fastq.gz
SAMEA5754889	ERR3414686	ERX3438286	SAMEA5754889	ERS3558345	PRJEB33339	ERP116123		ERA2029351	UPSC-0153-R0092	UPSC-0153-E0046	UPSC-0153-S0046	UPSC-0153	SINGLE	RANDOM	TRANSCRIPTOMIC	RNA-Seq	P6960_147	Illumina HiSeq 2500	ILLUMINA	599887398.0	11762498.0	3702	Arabidopsis thaliana	P6960_147	Illumina HiSeq 2500 sequencing; Single-end sequencing of Arabidopsis thaliana leaf before and during heat or cold or salt stress in four mediator mutants and WT plants	Specific functions for Mediator complex subunits from different modules in the transcriptional response of Arabidopsis thaliana to abiotic stress	Illumina HiSeq 2500 sequencing; Single-end sequencing of Arabidopsis thaliana leaf before and during heat or cold or salt stress in four mediator mutants and WT plants	med9_HS120_C	d44e499bd52686dc0d0fc08f2bb98fa3	355252083	ftp.sra.ebi.ac.uk/vol1/fastq/ERR341/006/ERR3414686/ERR3414686.fastq.gz	ftp.sra.ebi.ac.uk/vol1/fastq/ERR341/006/ERR3414686/ERR3414686.fastq.gz	fasp.sra.ebi.ac.uk:/vol1/fastq/ERR341/006/ERR3414686/ERR3414686.fastq.gz
SAMEA5754890	ERR3414687	ERX3438287	SAMEA5754890	ERS3558346	PRJEB33339	ERP116123		ERA2029351	UPSC-0153-R0093	UPSC-0153-E0047	UPSC-0153-S0047	UPSC-0153	SINGLE	RANDOM	TRANSCRIPTOMIC	RNA-Seq	P6960_148	Illumina HiSeq 2500	ILLUMINA	648514164.0	12715964.0	3702	Arabidopsis thaliana	P6960_148	Illumina HiSeq 2500 sequencing; Single-end sequencing of Arabidopsis thaliana leaf before and during heat or cold or salt stress in four mediator mutants and WT plants	Specific functions for Mediator complex subunits from different modules in the transcriptional response of Arabidopsis thaliana to abiotic stress	Illumina HiSeq 2500 sequencing; Single-end sequencing of Arabidopsis thaliana leaf before and during heat or cold or salt stress in four mediator mutants and WT plants	med9_HS120_D	39edfb02264a7dcfb6cd0975b31e75b9	383386516	ftp.sra.ebi.ac.uk/vol1/fastq/ERR341/007/ERR3414687/ERR3414687.fastq.gz	ftp.sra.ebi.ac.uk/vol1/fastq/ERR341/007/ERR3414687/ERR3414687.fastq.gz	fasp.sra.ebi.ac.uk:/vol1/fastq/ERR341/007/ERR3414687/ERR3414687.fastq.gz
SAMEA5754890	ERR3414688	ERX3438287	SAMEA5754890	ERS3558346	PRJEB33339	ERP116123		ERA2029351	UPSC-0153-R0094	UPSC-0153-E0047	UPSC-0153-S0047	UPSC-0153	SINGLE	RANDOM	TRANSCRIPTOMIC	RNA-Seq	P6960_148	Illumina HiSeq 2500	ILLUMINA	649160028.0	12728628.0	3702	Arabidopsis thaliana	P6960_148	Illumina HiSeq 2500 sequencing; Single-end sequencing of Arabidopsis thaliana leaf before and during heat or cold or salt stress in four mediator mutants and WT plants	Specific functions for Mediator complex subunits from different modules in the transcriptional response of Arabidopsis thaliana to abiotic stress	Illumina HiSeq 2500 sequencing; Single-end sequencing of Arabidopsis thaliana leaf before and during heat or cold or salt stress in four mediator mutants and WT plants	med9_HS120_D	9fa37145bf321f4f99c557de79930d77	380977513	ftp.sra.ebi.ac.uk/vol1/fastq/ERR341/008/ERR3414688/ERR3414688.fastq.gz	ftp.sra.ebi.ac.uk/vol1/fastq/ERR341/008/ERR3414688/ERR3414688.fastq.gz	fasp.sra.ebi.ac.uk:/vol1/fastq/ERR341/008/ERR3414688/ERR3414688.fastq.gz
SAMEA5754891	ERR3414689	ERX3438288	SAMEA5754891	ERS3558347	PRJEB33339	ERP116123		ERA2029351	UPSC-0153-R0095	UPSC-0153-E0048	UPSC-0153-S0048	UPSC-0153	SINGLE	RANDOM	TRANSCRIPTOMIC	RNA-Seq	P6960_149	Illumina HiSeq 2500	ILLUMINA	681283449.0	13358499.0	3702	Arabidopsis thaliana	P6960_149	Illumina HiSeq 2500 sequencing; Single-end sequencing of Arabidopsis thaliana leaf before and during heat or cold or salt stress in four mediator mutants and WT plants	Specific functions for Mediator complex subunits from different modules in the transcriptional response of Arabidopsis thaliana to abiotic stress	Illumina HiSeq 2500 sequencing; Single-end sequencing of Arabidopsis thaliana leaf before and during heat or cold or salt stress in four mediator mutants and WT plants	med16_HS120_A	7c36b60185a55013f1dc9f122bc941ca	405274098	ftp.sra.ebi.ac.uk/vol1/fastq/ERR341/009/ERR3414689/ERR3414689.fastq.gz	ftp.sra.ebi.ac.uk/vol1/fastq/ERR341/009/ERR3414689/ERR3414689.fastq.gz	fasp.sra.ebi.ac.uk:/vol1/fastq/ERR341/009/ERR3414689/ERR3414689.fastq.gz
SAMEA5754891	ERR3414690	ERX3438288	SAMEA5754891	ERS3558347	PRJEB33339	ERP116123		ERA2029351	UPSC-0153-R0096	UPSC-0153-E0048	UPSC-0153-S0048	UPSC-0153	SINGLE	RANDOM	TRANSCRIPTOMIC	RNA-Seq	P6960_149	Illumina HiSeq 2500	ILLUMINA	680657883.0	13346233.0	3702	Arabidopsis thaliana	P6960_149	Illumina HiSeq 2500 sequencing; Single-end sequencing of Arabidopsis thaliana leaf before and during heat or cold or salt stress in four mediator mutants and WT plants	Specific functions for Mediator complex subunits from different modules in the transcriptional response of Arabidopsis thaliana to abiotic stress	Illumina HiSeq 2500 sequencing; Single-end sequencing of Arabidopsis thaliana leaf before and during heat or cold or salt stress in four mediator mutants and WT plants	med16_HS120_A	1b9850aa4bf598f30208b4aea05165d8	402129821	ftp.sra.ebi.ac.uk/vol1/fastq/ERR341/000/ERR3414690/ERR3414690.fastq.gz	ftp.sra.ebi.ac.uk/vol1/fastq/ERR341/000/ERR3414690/ERR3414690.fastq.gz	fasp.sra.ebi.ac.uk:/vol1/fastq/ERR341/000/ERR3414690/ERR3414690.fastq.gz
SAMEA5754892	ERR3414691	ERX3438289	SAMEA5754892	ERS3558348	PRJEB33339	ERP116123		ERA2029351	UPSC-0153-R0097	UPSC-0153-E0049	UPSC-0153-S0049	UPSC-0153	SINGLE	RANDOM	TRANSCRIPTOMIC	RNA-Seq	P6960_150	Illumina HiSeq 2500	ILLUMINA	681052113.0	13353963.0	3702	Arabidopsis thaliana	P6960_150	Illumina HiSeq 2500 sequencing; Single-end sequencing of Arabidopsis thaliana leaf before and during heat or cold or salt stress in four mediator mutants and WT plants	Specific functions for Mediator complex subunits from different modules in the transcriptional response of Arabidopsis thaliana to abiotic stress	Illumina HiSeq 2500 sequencing; Single-end sequencing of Arabidopsis thaliana leaf before and during heat or cold or salt stress in four mediator mutants and WT plants	med16_HS120_B	965b6cddb061fe1bc25f743aa835145d	411083447	ftp.sra.ebi.ac.uk/vol1/fastq/ERR341/001/ERR3414691/ERR3414691.fastq.gz	ftp.sra.ebi.ac.uk/vol1/fastq/ERR341/001/ERR3414691/ERR3414691.fastq.gz	fasp.sra.ebi.ac.uk:/vol1/fastq/ERR341/001/ERR3414691/ERR3414691.fastq.gz
SAMEA5754892	ERR3414692	ERX3438289	SAMEA5754892	ERS3558348	PRJEB33339	ERP116123		ERA2029351	UPSC-0153-R0098	UPSC-0153-E0049	UPSC-0153-S0049	UPSC-0153	SINGLE	RANDOM	TRANSCRIPTOMIC	RNA-Seq	P6960_150	Illumina HiSeq 2500	ILLUMINA	681039873.0	13353723.0	3702	Arabidopsis thaliana	P6960_150	Illumina HiSeq 2500 sequencing; Single-end sequencing of Arabidopsis thaliana leaf before and during heat or cold or salt stress in four mediator mutants and WT plants	Specific functions for Mediator complex subunits from different modules in the transcriptional response of Arabidopsis thaliana to abiotic stress	Illumina HiSeq 2500 sequencing; Single-end sequencing of Arabidopsis thaliana leaf before and during heat or cold or salt stress in four mediator mutants and WT plants	med16_HS120_B	6676ba760dcf6a317964e09c9c431be6	408189374	ftp.sra.ebi.ac.uk/vol1/fastq/ERR341/002/ERR3414692/ERR3414692.fastq.gz	ftp.sra.ebi.ac.uk/vol1/fastq/ERR341/002/ERR3414692/ERR3414692.fastq.gz	fasp.sra.ebi.ac.uk:/vol1/fastq/ERR341/002/ERR3414692/ERR3414692.fastq.gz
SAMEA5754893	ERR3414693	ERX3438290	SAMEA5754893	ERS3558349	PRJEB33339	ERP116123		ERA2029351	UPSC-0153-R0099	UPSC-0153-E0050	UPSC-0153-S0050	UPSC-0153	SINGLE	RANDOM	TRANSCRIPTOMIC	RNA-Seq	P6960_151	Illumina HiSeq 2500	ILLUMINA	617070216.0	12099416.0	3702	Arabidopsis thaliana	P6960_151	Illumina HiSeq 2500 sequencing; Single-end sequencing of Arabidopsis thaliana leaf before and during heat or cold or salt stress in four mediator mutants and WT plants	Specific functions for Mediator complex subunits from different modules in the transcriptional response of Arabidopsis thaliana to abiotic stress	Illumina HiSeq 2500 sequencing; Single-end sequencing of Arabidopsis thaliana leaf before and during heat or cold or salt stress in four mediator mutants and WT plants	med16_HS120_C	743ba1abd92aa8c76fdf18cc2429b521	368996392	ftp.sra.ebi.ac.uk/vol1/fastq/ERR341/003/ERR3414693/ERR3414693.fastq.gz	ftp.sra.ebi.ac.uk/vol1/fastq/ERR341/003/ERR3414693/ERR3414693.fastq.gz	fasp.sra.ebi.ac.uk:/vol1/fastq/ERR341/003/ERR3414693/ERR3414693.fastq.gz
SAMEA5754893	ERR3414694	ERX3438290	SAMEA5754893	ERS3558349	PRJEB33339	ERP116123		ERA2029351	UPSC-0153-R0100	UPSC-0153-E0050	UPSC-0153-S0050	UPSC-0153	SINGLE	RANDOM	TRANSCRIPTOMIC	RNA-Seq	P6960_151	Illumina HiSeq 2500	ILLUMINA	618331191.0	12124141.0	3702	Arabidopsis thaliana	P6960_151	Illumina HiSeq 2500 sequencing; Single-end sequencing of Arabidopsis thaliana leaf before and during heat or cold or salt stress in four mediator mutants and WT plants	Specific functions for Mediator complex subunits from different modules in the transcriptional response of Arabidopsis thaliana to abiotic stress	Illumina HiSeq 2500 sequencing; Single-end sequencing of Arabidopsis thaliana leaf before and during heat or cold or salt stress in four mediator mutants and WT plants	med16_HS120_C	15aced7302285e2e70ce854297a7ff8e	367144974	ftp.sra.ebi.ac.uk/vol1/fastq/ERR341/004/ERR3414694/ERR3414694.fastq.gz	ftp.sra.ebi.ac.uk/vol1/fastq/ERR341/004/ERR3414694/ERR3414694.fastq.gz	fasp.sra.ebi.ac.uk:/vol1/fastq/ERR341/004/ERR3414694/ERR3414694.fastq.gz
SAMEA5754894	ERR3414695	ERX3438291	SAMEA5754894	ERS3558350	PRJEB33339	ERP116123		ERA2029351	UPSC-0153-R0101	UPSC-0153-E0051	UPSC-0153-S0051	UPSC-0153	SINGLE	RANDOM	TRANSCRIPTOMIC	RNA-Seq	P6960_152	Illumina HiSeq 2500	ILLUMINA	715404285.0	14027535.0	3702	Arabidopsis thaliana	P6960_152	Illumina HiSeq 2500 sequencing; Single-end sequencing of Arabidopsis thaliana leaf before and during heat or cold or salt stress in four mediator mutants and WT plants	Specific functions for Mediator complex subunits from different modules in the transcriptional response of Arabidopsis thaliana to abiotic stress	Illumina HiSeq 2500 sequencing; Single-end sequencing of Arabidopsis thaliana leaf before and during heat or cold or salt stress in four mediator mutants and WT plants	med16_HS120_D	bb783b5b2a4946aef9bcce4a635b0f41	429235275	ftp.sra.ebi.ac.uk/vol1/fastq/ERR341/005/ERR3414695/ERR3414695.fastq.gz	ftp.sra.ebi.ac.uk/vol1/fastq/ERR341/005/ERR3414695/ERR3414695.fastq.gz	fasp.sra.ebi.ac.uk:/vol1/fastq/ERR341/005/ERR3414695/ERR3414695.fastq.gz
SAMEA5754894	ERR3414696	ERX3438291	SAMEA5754894	ERS3558350	PRJEB33339	ERP116123		ERA2029351	UPSC-0153-R0102	UPSC-0153-E0051	UPSC-0153-S0051	UPSC-0153	SINGLE	RANDOM	TRANSCRIPTOMIC	RNA-Seq	P6960_152	Illumina HiSeq 2500	ILLUMINA	716874615.0	14056365.0	3702	Arabidopsis thaliana	P6960_152	Illumina HiSeq 2500 sequencing; Single-end sequencing of Arabidopsis thaliana leaf before and during heat or cold or salt stress in four mediator mutants and WT plants	Specific functions for Mediator complex subunits from different modules in the transcriptional response of Arabidopsis thaliana to abiotic stress	Illumina HiSeq 2500 sequencing; Single-end sequencing of Arabidopsis thaliana leaf before and during heat or cold or salt stress in four mediator mutants and WT plants	med16_HS120_D	4d64b82f333755d9aedfe79884c07a26	426926721	ftp.sra.ebi.ac.uk/vol1/fastq/ERR341/006/ERR3414696/ERR3414696.fastq.gz	ftp.sra.ebi.ac.uk/vol1/fastq/ERR341/006/ERR3414696/ERR3414696.fastq.gz	fasp.sra.ebi.ac.uk:/vol1/fastq/ERR341/006/ERR3414696/ERR3414696.fastq.gz
SAMEA5754895	ERR3414697	ERX3438292	SAMEA5754895	ERS3558351	PRJEB33339	ERP116123		ERA2029351	UPSC-0153-R0103	UPSC-0153-E0052	UPSC-0153-S0052	UPSC-0153	SINGLE	RANDOM	TRANSCRIPTOMIC	RNA-Seq	P6960_153	Illumina HiSeq 2500	ILLUMINA	663148818.0	13002918.0	3702	Arabidopsis thaliana	P6960_153	Illumina HiSeq 2500 sequencing; Single-end sequencing of Arabidopsis thaliana leaf before and during heat or cold or salt stress in four mediator mutants and WT plants	Specific functions for Mediator complex subunits from different modules in the transcriptional response of Arabidopsis thaliana to abiotic stress	Illumina HiSeq 2500 sequencing; Single-end sequencing of Arabidopsis thaliana leaf before and during heat or cold or salt stress in four mediator mutants and WT plants	med18_HS120_A	278abcccec0dc0f9176bf6c4212bf845	404590698	ftp.sra.ebi.ac.uk/vol1/fastq/ERR341/007/ERR3414697/ERR3414697.fastq.gz	ftp.sra.ebi.ac.uk/vol1/fastq/ERR341/007/ERR3414697/ERR3414697.fastq.gz	fasp.sra.ebi.ac.uk:/vol1/fastq/ERR341/007/ERR3414697/ERR3414697.fastq.gz
SAMEA5754895	ERR3414698	ERX3438292	SAMEA5754895	ERS3558351	PRJEB33339	ERP116123		ERA2029351	UPSC-0153-R0104	UPSC-0153-E0052	UPSC-0153-S0052	UPSC-0153	SINGLE	RANDOM	TRANSCRIPTOMIC	RNA-Seq	P6960_153	Illumina HiSeq 2500	ILLUMINA	662015496.0	12980696.0	3702	Arabidopsis thaliana	P6960_153	Illumina HiSeq 2500 sequencing; Single-end sequencing of Arabidopsis thaliana leaf before and during heat or cold or salt stress in four mediator mutants and WT plants	Specific functions for Mediator complex subunits from different modules in the transcriptional response of Arabidopsis thaliana to abiotic stress	Illumina HiSeq 2500 sequencing; Single-end sequencing of Arabidopsis thaliana leaf before and during heat or cold or salt stress in four mediator mutants and WT plants	med18_HS120_A	96384826d2e4b454816b123a68a6b277	401205006	ftp.sra.ebi.ac.uk/vol1/fastq/ERR341/008/ERR3414698/ERR3414698.fastq.gz	ftp.sra.ebi.ac.uk/vol1/fastq/ERR341/008/ERR3414698/ERR3414698.fastq.gz	fasp.sra.ebi.ac.uk:/vol1/fastq/ERR341/008/ERR3414698/ERR3414698.fastq.gz
SAMEA5754896	ERR3414699	ERX3438293	SAMEA5754896	ERS3558352	PRJEB33339	ERP116123		ERA2029351	UPSC-0153-R0105	UPSC-0153-E0053	UPSC-0153-S0053	UPSC-0153	SINGLE	RANDOM	TRANSCRIPTOMIC	RNA-Seq	P6960_154	Illumina HiSeq 2500	ILLUMINA	699314550.0	13712050.0	3702	Arabidopsis thaliana	P6960_154	Illumina HiSeq 2500 sequencing; Single-end sequencing of Arabidopsis thaliana leaf before and during heat or cold or salt stress in four mediator mutants and WT plants	Specific functions for Mediator complex subunits from different modules in the transcriptional response of Arabidopsis thaliana to abiotic stress	Illumina HiSeq 2500 sequencing; Single-end sequencing of Arabidopsis thaliana leaf before and during heat or cold or salt stress in four mediator mutants and WT plants	med18_HS120_B	b507213e8b920a480983e0423ebdf157	416734796	ftp.sra.ebi.ac.uk/vol1/fastq/ERR341/009/ERR3414699/ERR3414699.fastq.gz	ftp.sra.ebi.ac.uk/vol1/fastq/ERR341/009/ERR3414699/ERR3414699.fastq.gz	fasp.sra.ebi.ac.uk:/vol1/fastq/ERR341/009/ERR3414699/ERR3414699.fastq.gz
SAMEA5754896	ERR3414700	ERX3438293	SAMEA5754896	ERS3558352	PRJEB33339	ERP116123		ERA2029351	UPSC-0153-R0106	UPSC-0153-E0053	UPSC-0153-S0053	UPSC-0153	SINGLE	RANDOM	TRANSCRIPTOMIC	RNA-Seq	P6960_154	Illumina HiSeq 2500	ILLUMINA	700191546.0	13729246.0	3702	Arabidopsis thaliana	P6960_154	Illumina HiSeq 2500 sequencing; Single-end sequencing of Arabidopsis thaliana leaf before and during heat or cold or salt stress in four mediator mutants and WT plants	Specific functions for Mediator complex subunits from different modules in the transcriptional response of Arabidopsis thaliana to abiotic stress	Illumina HiSeq 2500 sequencing; Single-end sequencing of Arabidopsis thaliana leaf before and during heat or cold or salt stress in four mediator mutants and WT plants	med18_HS120_B	96d516057449719dbde1ca8be3708b04	414417681	ftp.sra.ebi.ac.uk/vol1/fastq/ERR341/000/ERR3414700/ERR3414700.fastq.gz	ftp.sra.ebi.ac.uk/vol1/fastq/ERR341/000/ERR3414700/ERR3414700.fastq.gz	fasp.sra.ebi.ac.uk:/vol1/fastq/ERR341/000/ERR3414700/ERR3414700.fastq.gz
SAMEA5754897	ERR3414701	ERX3438294	SAMEA5754897	ERS3558353	PRJEB33339	ERP116123		ERA2029351	UPSC-0153-R0107	UPSC-0153-E0054	UPSC-0153-S0054	UPSC-0153	SINGLE	RANDOM	TRANSCRIPTOMIC	RNA-Seq	P6960_155	Illumina HiSeq 2500	ILLUMINA	713878416.0	13997616.0	3702	Arabidopsis thaliana	P6960_155	Illumina HiSeq 2500 sequencing; Single-end sequencing of Arabidopsis thaliana leaf before and during heat or cold or salt stress in four mediator mutants and WT plants	Specific functions for Mediator complex subunits from different modules in the transcriptional response of Arabidopsis thaliana to abiotic stress	Illumina HiSeq 2500 sequencing; Single-end sequencing of Arabidopsis thaliana leaf before and during heat or cold or salt stress in four mediator mutants and WT plants	med18_HS120_C	228355d7021ba2632b71db93a54f8d24	421111206	ftp.sra.ebi.ac.uk/vol1/fastq/ERR341/001/ERR3414701/ERR3414701.fastq.gz	ftp.sra.ebi.ac.uk/vol1/fastq/ERR341/001/ERR3414701/ERR3414701.fastq.gz	fasp.sra.ebi.ac.uk:/vol1/fastq/ERR341/001/ERR3414701/ERR3414701.fastq.gz
SAMEA5754897	ERR3414702	ERX3438294	SAMEA5754897	ERS3558353	PRJEB33339	ERP116123		ERA2029351	UPSC-0153-R0108	UPSC-0153-E0054	UPSC-0153-S0054	UPSC-0153	SINGLE	RANDOM	TRANSCRIPTOMIC	RNA-Seq	P6960_155	Illumina HiSeq 2500	ILLUMINA	714603993.0	14011843.0	3702	Arabidopsis thaliana	P6960_155	Illumina HiSeq 2500 sequencing; Single-end sequencing of Arabidopsis thaliana leaf before and during heat or cold or salt stress in four mediator mutants and WT plants	Specific functions for Mediator complex subunits from different modules in the transcriptional response of Arabidopsis thaliana to abiotic stress	Illumina HiSeq 2500 sequencing; Single-end sequencing of Arabidopsis thaliana leaf before and during heat or cold or salt stress in four mediator mutants and WT plants	med18_HS120_C	5bf012dae27eea7f8af0bc8ce1074169	418524539	ftp.sra.ebi.ac.uk/vol1/fastq/ERR341/002/ERR3414702/ERR3414702.fastq.gz	ftp.sra.ebi.ac.uk/vol1/fastq/ERR341/002/ERR3414702/ERR3414702.fastq.gz	fasp.sra.ebi.ac.uk:/vol1/fastq/ERR341/002/ERR3414702/ERR3414702.fastq.gz
SAMEA5754898	ERR3414703	ERX3438295	SAMEA5754898	ERS3558354	PRJEB33339	ERP116123		ERA2029351	UPSC-0153-R0109	UPSC-0153-E0055	UPSC-0153-S0055	UPSC-0153	SINGLE	RANDOM	TRANSCRIPTOMIC	RNA-Seq	P6960_156	Illumina HiSeq 2500	ILLUMINA	706626981.0	13855431.0	3702	Arabidopsis thaliana	P6960_156	Illumina HiSeq 2500 sequencing; Single-end sequencing of Arabidopsis thaliana leaf before and during heat or cold or salt stress in four mediator mutants and WT plants	Specific functions for Mediator complex subunits from different modules in the transcriptional response of Arabidopsis thaliana to abiotic stress	Illumina HiSeq 2500 sequencing; Single-end sequencing of Arabidopsis thaliana leaf before and during heat or cold or salt stress in four mediator mutants and WT plants	med18_HS120_D	09808a37f45ca900df45e4083e4cc8a8	424351843	ftp.sra.ebi.ac.uk/vol1/fastq/ERR341/003/ERR3414703/ERR3414703.fastq.gz	ftp.sra.ebi.ac.uk/vol1/fastq/ERR341/003/ERR3414703/ERR3414703.fastq.gz	fasp.sra.ebi.ac.uk:/vol1/fastq/ERR341/003/ERR3414703/ERR3414703.fastq.gz
SAMEA5754898	ERR3414704	ERX3438295	SAMEA5754898	ERS3558354	PRJEB33339	ERP116123		ERA2029351	UPSC-0153-R0110	UPSC-0153-E0055	UPSC-0153-S0055	UPSC-0153	SINGLE	RANDOM	TRANSCRIPTOMIC	RNA-Seq	P6960_156	Illumina HiSeq 2500	ILLUMINA	706806348.0	13858948.0	3702	Arabidopsis thaliana	P6960_156	Illumina HiSeq 2500 sequencing; Single-end sequencing of Arabidopsis thaliana leaf before and during heat or cold or salt stress in four mediator mutants and WT plants	Specific functions for Mediator complex subunits from different modules in the transcriptional response of Arabidopsis thaliana to abiotic stress	Illumina HiSeq 2500 sequencing; Single-end sequencing of Arabidopsis thaliana leaf before and during heat or cold or salt stress in four mediator mutants and WT plants	med18_HS120_D	462269afeb653644077752e2c6a7e58a	421464991	ftp.sra.ebi.ac.uk/vol1/fastq/ERR341/004/ERR3414704/ERR3414704.fastq.gz	ftp.sra.ebi.ac.uk/vol1/fastq/ERR341/004/ERR3414704/ERR3414704.fastq.gz	fasp.sra.ebi.ac.uk:/vol1/fastq/ERR341/004/ERR3414704/ERR3414704.fastq.gz
SAMEA5754899	ERR3414705	ERX3438296	SAMEA5754899	ERS3558355	PRJEB33339	ERP116123		ERA2029351	UPSC-0153-R0111	UPSC-0153-E0056	UPSC-0153-S0056	UPSC-0153	SINGLE	RANDOM	TRANSCRIPTOMIC	RNA-Seq	P6960_157	Illumina HiSeq 2500	ILLUMINA	663333030.0	13006530.0	3702	Arabidopsis thaliana	P6960_157	Illumina HiSeq 2500 sequencing; Single-end sequencing of Arabidopsis thaliana leaf before and during heat or cold or salt stress in four mediator mutants and WT plants	Specific functions for Mediator complex subunits from different modules in the transcriptional response of Arabidopsis thaliana to abiotic stress	Illumina HiSeq 2500 sequencing; Single-end sequencing of Arabidopsis thaliana leaf before and during heat or cold or salt stress in four mediator mutants and WT plants	cdk8_HS120_A	7ae121639f1489f683de544b966511af	390734025	ftp.sra.ebi.ac.uk/vol1/fastq/ERR341/005/ERR3414705/ERR3414705.fastq.gz	ftp.sra.ebi.ac.uk/vol1/fastq/ERR341/005/ERR3414705/ERR3414705.fastq.gz	fasp.sra.ebi.ac.uk:/vol1/fastq/ERR341/005/ERR3414705/ERR3414705.fastq.gz
SAMEA5754899	ERR3414706	ERX3438296	SAMEA5754899	ERS3558355	PRJEB33339	ERP116123		ERA2029351	UPSC-0153-R0112	UPSC-0153-E0056	UPSC-0153-S0056	UPSC-0153	SINGLE	RANDOM	TRANSCRIPTOMIC	RNA-Seq	P6960_157	Illumina HiSeq 2500	ILLUMINA	662306247.0	12986397.0	3702	Arabidopsis thaliana	P6960_157	Illumina HiSeq 2500 sequencing; Single-end sequencing of Arabidopsis thaliana leaf before and during heat or cold or salt stress in four mediator mutants and WT plants	Specific functions for Mediator complex subunits from different modules in the transcriptional response of Arabidopsis thaliana to abiotic stress	Illumina HiSeq 2500 sequencing; Single-end sequencing of Arabidopsis thaliana leaf before and during heat or cold or salt stress in four mediator mutants and WT plants	cdk8_HS120_A	b645b3d30f8ae0bdfd6c981ea8cdbf87	387723802	ftp.sra.ebi.ac.uk/vol1/fastq/ERR341/006/ERR3414706/ERR3414706.fastq.gz	ftp.sra.ebi.ac.uk/vol1/fastq/ERR341/006/ERR3414706/ERR3414706.fastq.gz	fasp.sra.ebi.ac.uk:/vol1/fastq/ERR341/006/ERR3414706/ERR3414706.fastq.gz
SAMEA5754900	ERR3414707	ERX3438297	SAMEA5754900	ERS3558356	PRJEB33339	ERP116123		ERA2029351	UPSC-0153-R0113	UPSC-0153-E0057	UPSC-0153-S0057	UPSC-0153	SINGLE	RANDOM	TRANSCRIPTOMIC	RNA-Seq	P6960_158	Illumina HiSeq 2500	ILLUMINA	722155257.0	14159907.0	3702	Arabidopsis thaliana	P6960_158	Illumina HiSeq 2500 sequencing; Single-end sequencing of Arabidopsis thaliana leaf before and during heat or cold or salt stress in four mediator mutants and WT plants	Specific functions for Mediator complex subunits from different modules in the transcriptional response of Arabidopsis thaliana to abiotic stress	Illumina HiSeq 2500 sequencing; Single-end sequencing of Arabidopsis thaliana leaf before and during heat or cold or salt stress in four mediator mutants and WT plants	cdk8_HS120_B	3c971ee04de81376b9ff19269b2eca20	430708462	ftp.sra.ebi.ac.uk/vol1/fastq/ERR341/007/ERR3414707/ERR3414707.fastq.gz	ftp.sra.ebi.ac.uk/vol1/fastq/ERR341/007/ERR3414707/ERR3414707.fastq.gz	fasp.sra.ebi.ac.uk:/vol1/fastq/ERR341/007/ERR3414707/ERR3414707.fastq.gz
SAMEA5754900	ERR3414708	ERX3438297	SAMEA5754900	ERS3558356	PRJEB33339	ERP116123		ERA2029351	UPSC-0153-R0114	UPSC-0153-E0057	UPSC-0153-S0057	UPSC-0153	SINGLE	RANDOM	TRANSCRIPTOMIC	RNA-Seq	P6960_158	Illumina HiSeq 2500	ILLUMINA	724426236.0	14204436.0	3702	Arabidopsis thaliana	P6960_158	Illumina HiSeq 2500 sequencing; Single-end sequencing of Arabidopsis thaliana leaf before and during heat or cold or salt stress in four mediator mutants and WT plants	Specific functions for Mediator complex subunits from different modules in the transcriptional response of Arabidopsis thaliana to abiotic stress	Illumina HiSeq 2500 sequencing; Single-end sequencing of Arabidopsis thaliana leaf before and during heat or cold or salt stress in four mediator mutants and WT plants	cdk8_HS120_B	8fceb1565dcf86b4df767838780da3f5	429049241	ftp.sra.ebi.ac.uk/vol1/fastq/ERR341/008/ERR3414708/ERR3414708.fastq.gz	ftp.sra.ebi.ac.uk/vol1/fastq/ERR341/008/ERR3414708/ERR3414708.fastq.gz	fasp.sra.ebi.ac.uk:/vol1/fastq/ERR341/008/ERR3414708/ERR3414708.fastq.gz
SAMEA5754901	ERR3414709	ERX3438298	SAMEA5754901	ERS3558357	PRJEB33339	ERP116123		ERA2029351	UPSC-0153-R0115	UPSC-0153-E0058	UPSC-0153-S0058	UPSC-0153	SINGLE	RANDOM	TRANSCRIPTOMIC	RNA-Seq	P6960_159	Illumina HiSeq 2500	ILLUMINA	679075812.0	13315212.0	3702	Arabidopsis thaliana	P6960_159	Illumina HiSeq 2500 sequencing; Single-end sequencing of Arabidopsis thaliana leaf before and during heat or cold or salt stress in four mediator mutants and WT plants	Specific functions for Mediator complex subunits from different modules in the transcriptional response of Arabidopsis thaliana to abiotic stress	Illumina HiSeq 2500 sequencing; Single-end sequencing of Arabidopsis thaliana leaf before and during heat or cold or salt stress in four mediator mutants and WT plants	cdk8_HS120_C	8cbe7e381c2beafc5f010ff82f2e1e4d	411097459	ftp.sra.ebi.ac.uk/vol1/fastq/ERR341/009/ERR3414709/ERR3414709.fastq.gz	ftp.sra.ebi.ac.uk/vol1/fastq/ERR341/009/ERR3414709/ERR3414709.fastq.gz	fasp.sra.ebi.ac.uk:/vol1/fastq/ERR341/009/ERR3414709/ERR3414709.fastq.gz
SAMEA5754901	ERR3414710	ERX3438298	SAMEA5754901	ERS3558357	PRJEB33339	ERP116123		ERA2029351	UPSC-0153-R0116	UPSC-0153-E0058	UPSC-0153-S0058	UPSC-0153	SINGLE	RANDOM	TRANSCRIPTOMIC	RNA-Seq	P6960_159	Illumina HiSeq 2500	ILLUMINA	680814555.0	13349305.0	3702	Arabidopsis thaliana	P6960_159	Illumina HiSeq 2500 sequencing; Single-end sequencing of Arabidopsis thaliana leaf before and during heat or cold or salt stress in four mediator mutants and WT plants	Specific functions for Mediator complex subunits from different modules in the transcriptional response of Arabidopsis thaliana to abiotic stress	Illumina HiSeq 2500 sequencing; Single-end sequencing of Arabidopsis thaliana leaf before and during heat or cold or salt stress in four mediator mutants and WT plants	cdk8_HS120_C	b90d061e5987991add677cee95aa567e	409368905	ftp.sra.ebi.ac.uk/vol1/fastq/ERR341/000/ERR3414710/ERR3414710.fastq.gz	ftp.sra.ebi.ac.uk/vol1/fastq/ERR341/000/ERR3414710/ERR3414710.fastq.gz	fasp.sra.ebi.ac.uk:/vol1/fastq/ERR341/000/ERR3414710/ERR3414710.fastq.gz
SAMEA5754902	ERR3414711	ERX3438299	SAMEA5754902	ERS3558358	PRJEB33339	ERP116123		ERA2029351	UPSC-0153-R0117	UPSC-0153-E0059	UPSC-0153-S0059	UPSC-0153	SINGLE	RANDOM	TRANSCRIPTOMIC	RNA-Seq	P6960_160	Illumina HiSeq 2500	ILLUMINA	721750623.0	14151973.0	3702	Arabidopsis thaliana	P6960_160	Illumina HiSeq 2500 sequencing; Single-end sequencing of Arabidopsis thaliana leaf before and during heat or cold or salt stress in four mediator mutants and WT plants	Specific functions for Mediator complex subunits from different modules in the transcriptional response of Arabidopsis thaliana to abiotic stress	Illumina HiSeq 2500 sequencing; Single-end sequencing of Arabidopsis thaliana leaf before and during heat or cold or salt stress in four mediator mutants and WT plants	cdk8_HS120_D	73a6838d0990a1a70e9e378f5fcf62ec	435364650	ftp.sra.ebi.ac.uk/vol1/fastq/ERR341/001/ERR3414711/ERR3414711.fastq.gz	ftp.sra.ebi.ac.uk/vol1/fastq/ERR341/001/ERR3414711/ERR3414711.fastq.gz	fasp.sra.ebi.ac.uk:/vol1/fastq/ERR341/001/ERR3414711/ERR3414711.fastq.gz
SAMEA5754902	ERR3414712	ERX3438299	SAMEA5754902	ERS3558358	PRJEB33339	ERP116123		ERA2029351	UPSC-0153-R0118	UPSC-0153-E0059	UPSC-0153-S0059	UPSC-0153	SINGLE	RANDOM	TRANSCRIPTOMIC	RNA-Seq	P6960_160	Illumina HiSeq 2500	ILLUMINA	723782055.0	14191805.0	3702	Arabidopsis thaliana	P6960_160	Illumina HiSeq 2500 sequencing; Single-end sequencing of Arabidopsis thaliana leaf before and during heat or cold or salt stress in four mediator mutants and WT plants	Specific functions for Mediator complex subunits from different modules in the transcriptional response of Arabidopsis thaliana to abiotic stress	Illumina HiSeq 2500 sequencing; Single-end sequencing of Arabidopsis thaliana leaf before and during heat or cold or salt stress in four mediator mutants and WT plants	cdk8_HS120_D	dc549aa2c061c2d8b1abd1d90ffec0ce	433510252	ftp.sra.ebi.ac.uk/vol1/fastq/ERR341/002/ERR3414712/ERR3414712.fastq.gz	ftp.sra.ebi.ac.uk/vol1/fastq/ERR341/002/ERR3414712/ERR3414712.fastq.gz	fasp.sra.ebi.ac.uk:/vol1/fastq/ERR341/002/ERR3414712/ERR3414712.fastq.gz
SAMEA5754903	ERR3414713	ERX3438300	SAMEA5754903	ERS3558359	PRJEB33339	ERP116123		ERA2029351	UPSC-0153-R0119	UPSC-0153-E0060	UPSC-0153-S0060	UPSC-0153	SINGLE	RANDOM	TRANSCRIPTOMIC	RNA-Seq	P6960_201	Illumina HiSeq 2500	ILLUMINA	737573067.0	14462217.0	3702	Arabidopsis thaliana	P6960_201	Illumina HiSeq 2500 sequencing; Single-end sequencing of Arabidopsis thaliana leaf before and during heat or cold or salt stress in four mediator mutants and WT plants	Specific functions for Mediator complex subunits from different modules in the transcriptional response of Arabidopsis thaliana to abiotic stress	Illumina HiSeq 2500 sequencing; Single-end sequencing of Arabidopsis thaliana leaf before and during heat or cold or salt stress in four mediator mutants and WT plants	WT_CS3_A	a62945be4041d7ab61aed94a88404305	447865724	ftp.sra.ebi.ac.uk/vol1/fastq/ERR341/003/ERR3414713/ERR3414713.fastq.gz	ftp.sra.ebi.ac.uk/vol1/fastq/ERR341/003/ERR3414713/ERR3414713.fastq.gz	fasp.sra.ebi.ac.uk:/vol1/fastq/ERR341/003/ERR3414713/ERR3414713.fastq.gz
SAMEA5754903	ERR3414714	ERX3438300	SAMEA5754903	ERS3558359	PRJEB33339	ERP116123		ERA2029351	UPSC-0153-R0120	UPSC-0153-E0060	UPSC-0153-S0060	UPSC-0153	SINGLE	RANDOM	TRANSCRIPTOMIC	RNA-Seq	P6960_201	Illumina HiSeq 2500	ILLUMINA	739387188.0	14497788.0	3702	Arabidopsis thaliana	P6960_201	Illumina HiSeq 2500 sequencing; Single-end sequencing of Arabidopsis thaliana leaf before and during heat or cold or salt stress in four mediator mutants and WT plants	Specific functions for Mediator complex subunits from different modules in the transcriptional response of Arabidopsis thaliana to abiotic stress	Illumina HiSeq 2500 sequencing; Single-end sequencing of Arabidopsis thaliana leaf before and during heat or cold or salt stress in four mediator mutants and WT plants	WT_CS3_A	0b35c838ba80e98d88844eed77542bef	445835127	ftp.sra.ebi.ac.uk/vol1/fastq/ERR341/004/ERR3414714/ERR3414714.fastq.gz	ftp.sra.ebi.ac.uk/vol1/fastq/ERR341/004/ERR3414714/ERR3414714.fastq.gz	fasp.sra.ebi.ac.uk:/vol1/fastq/ERR341/004/ERR3414714/ERR3414714.fastq.gz
SAMEA5754904	ERR3414715	ERX3438301	SAMEA5754904	ERS3558360	PRJEB33339	ERP116123		ERA2029351	UPSC-0153-R0121	UPSC-0153-E0061	UPSC-0153-S0061	UPSC-0153	SINGLE	RANDOM	TRANSCRIPTOMIC	RNA-Seq	P6960_202	Illumina HiSeq 2500	ILLUMINA	601389552.0	11791952.0	3702	Arabidopsis thaliana	P6960_202	Illumina HiSeq 2500 sequencing; Single-end sequencing of Arabidopsis thaliana leaf before and during heat or cold or salt stress in four mediator mutants and WT plants	Specific functions for Mediator complex subunits from different modules in the transcriptional response of Arabidopsis thaliana to abiotic stress	Illumina HiSeq 2500 sequencing; Single-end sequencing of Arabidopsis thaliana leaf before and during heat or cold or salt stress in four mediator mutants and WT plants	WT_CS3_B	d63d78c2849c5bcb6a19907b101a634c	367548283	ftp.sra.ebi.ac.uk/vol1/fastq/ERR341/005/ERR3414715/ERR3414715.fastq.gz	ftp.sra.ebi.ac.uk/vol1/fastq/ERR341/005/ERR3414715/ERR3414715.fastq.gz	fasp.sra.ebi.ac.uk:/vol1/fastq/ERR341/005/ERR3414715/ERR3414715.fastq.gz
SAMEA5754904	ERR3414716	ERX3438301	SAMEA5754904	ERS3558360	PRJEB33339	ERP116123		ERA2029351	UPSC-0153-R0122	UPSC-0153-E0061	UPSC-0153-S0061	UPSC-0153	SINGLE	RANDOM	TRANSCRIPTOMIC	RNA-Seq	P6960_202	Illumina HiSeq 2500	ILLUMINA	604793853.0	11858703.0	3702	Arabidopsis thaliana	P6960_202	Illumina HiSeq 2500 sequencing; Single-end sequencing of Arabidopsis thaliana leaf before and during heat or cold or salt stress in four mediator mutants and WT plants	Specific functions for Mediator complex subunits from different modules in the transcriptional response of Arabidopsis thaliana to abiotic stress	Illumina HiSeq 2500 sequencing; Single-end sequencing of Arabidopsis thaliana leaf before and during heat or cold or salt stress in four mediator mutants and WT plants	WT_CS3_B	c7c401c3f9a3532781a516c133bbb904	367138240	ftp.sra.ebi.ac.uk/vol1/fastq/ERR341/006/ERR3414716/ERR3414716.fastq.gz	ftp.sra.ebi.ac.uk/vol1/fastq/ERR341/006/ERR3414716/ERR3414716.fastq.gz	fasp.sra.ebi.ac.uk:/vol1/fastq/ERR341/006/ERR3414716/ERR3414716.fastq.gz
SAMEA5754905	ERR3414717	ERX3438302	SAMEA5754905	ERS3558361	PRJEB33339	ERP116123		ERA2029351	UPSC-0153-R0123	UPSC-0153-E0062	UPSC-0153-S0062	UPSC-0153	SINGLE	RANDOM	TRANSCRIPTOMIC	RNA-Seq	P6960_203	Illumina HiSeq 2500	ILLUMINA	626667753.0	12287603.0	3702	Arabidopsis thaliana	P6960_203	Illumina HiSeq 2500 sequencing; Single-end sequencing of Arabidopsis thaliana leaf before and during heat or cold or salt stress in four mediator mutants and WT plants	Specific functions for Mediator complex subunits from different modules in the transcriptional response of Arabidopsis thaliana to abiotic stress	Illumina HiSeq 2500 sequencing; Single-end sequencing of Arabidopsis thaliana leaf before and during heat or cold or salt stress in four mediator mutants and WT plants	WT_CS3_C	e918bbdfdd81398a5ad6b79fd1bf141e	379672974	ftp.sra.ebi.ac.uk/vol1/fastq/ERR341/007/ERR3414717/ERR3414717.fastq.gz	ftp.sra.ebi.ac.uk/vol1/fastq/ERR341/007/ERR3414717/ERR3414717.fastq.gz	fasp.sra.ebi.ac.uk:/vol1/fastq/ERR341/007/ERR3414717/ERR3414717.fastq.gz
SAMEA5754905	ERR3414718	ERX3438302	SAMEA5754905	ERS3558361	PRJEB33339	ERP116123		ERA2029351	UPSC-0153-R0124	UPSC-0153-E0062	UPSC-0153-S0062	UPSC-0153	SINGLE	RANDOM	TRANSCRIPTOMIC	RNA-Seq	P6960_203	Illumina HiSeq 2500	ILLUMINA	629603109.0	12345159.0	3702	Arabidopsis thaliana	P6960_203	Illumina HiSeq 2500 sequencing; Single-end sequencing of Arabidopsis thaliana leaf before and during heat or cold or salt stress in four mediator mutants and WT plants	Specific functions for Mediator complex subunits from different modules in the transcriptional response of Arabidopsis thaliana to abiotic stress	Illumina HiSeq 2500 sequencing; Single-end sequencing of Arabidopsis thaliana leaf before and during heat or cold or salt stress in four mediator mutants and WT plants	WT_CS3_C	10e93431e25e43967aa10e481e8b6c3f	379001399	ftp.sra.ebi.ac.uk/vol1/fastq/ERR341/008/ERR3414718/ERR3414718.fastq.gz	ftp.sra.ebi.ac.uk/vol1/fastq/ERR341/008/ERR3414718/ERR3414718.fastq.gz	fasp.sra.ebi.ac.uk:/vol1/fastq/ERR341/008/ERR3414718/ERR3414718.fastq.gz
SAMEA5754906	ERR3414719	ERX3438303	SAMEA5754906	ERS3558362	PRJEB33339	ERP116123		ERA2029351	UPSC-0153-R0125	UPSC-0153-E0063	UPSC-0153-S0063	UPSC-0153	SINGLE	RANDOM	TRANSCRIPTOMIC	RNA-Seq	P6960_204	Illumina HiSeq 2500	ILLUMINA	598679820.0	11738820.0	3702	Arabidopsis thaliana	P6960_204	Illumina HiSeq 2500 sequencing; Single-end sequencing of Arabidopsis thaliana leaf before and during heat or cold or salt stress in four mediator mutants and WT plants	Specific functions for Mediator complex subunits from different modules in the transcriptional response of Arabidopsis thaliana to abiotic stress	Illumina HiSeq 2500 sequencing; Single-end sequencing of Arabidopsis thaliana leaf before and during heat or cold or salt stress in four mediator mutants and WT plants	WT_CS3_D	eb22e46b29c8e8deead0bbb35a7c18da	369734321	ftp.sra.ebi.ac.uk/vol1/fastq/ERR341/009/ERR3414719/ERR3414719.fastq.gz	ftp.sra.ebi.ac.uk/vol1/fastq/ERR341/009/ERR3414719/ERR3414719.fastq.gz	fasp.sra.ebi.ac.uk:/vol1/fastq/ERR341/009/ERR3414719/ERR3414719.fastq.gz
SAMEA5754906	ERR3414720	ERX3438303	SAMEA5754906	ERS3558362	PRJEB33339	ERP116123		ERA2029351	UPSC-0153-R0126	UPSC-0153-E0063	UPSC-0153-S0063	UPSC-0153	SINGLE	RANDOM	TRANSCRIPTOMIC	RNA-Seq	P6960_204	Illumina HiSeq 2500	ILLUMINA	601151994.0	11787294.0	3702	Arabidopsis thaliana	P6960_204	Illumina HiSeq 2500 sequencing; Single-end sequencing of Arabidopsis thaliana leaf before and during heat or cold or salt stress in four mediator mutants and WT plants	Specific functions for Mediator complex subunits from different modules in the transcriptional response of Arabidopsis thaliana to abiotic stress	Illumina HiSeq 2500 sequencing; Single-end sequencing of Arabidopsis thaliana leaf before and during heat or cold or salt stress in four mediator mutants and WT plants	WT_CS3_D	b9a48e7702ade7e685c5ced9c85e390f	368834224	ftp.sra.ebi.ac.uk/vol1/fastq/ERR341/000/ERR3414720/ERR3414720.fastq.gz	ftp.sra.ebi.ac.uk/vol1/fastq/ERR341/000/ERR3414720/ERR3414720.fastq.gz	fasp.sra.ebi.ac.uk:/vol1/fastq/ERR341/000/ERR3414720/ERR3414720.fastq.gz
SAMEA5754907	ERR3414721	ERX3438304	SAMEA5754907	ERS3558363	PRJEB33339	ERP116123		ERA2029351	UPSC-0153-R0127	UPSC-0153-E0064	UPSC-0153-S0064	UPSC-0153	SINGLE	RANDOM	TRANSCRIPTOMIC	RNA-Seq	P6960_205	Illumina HiSeq 2500	ILLUMINA	710467536.0	13930736.0	3702	Arabidopsis thaliana	P6960_205	Illumina HiSeq 2500 sequencing; Single-end sequencing of Arabidopsis thaliana leaf before and during heat or cold or salt stress in four mediator mutants and WT plants	Specific functions for Mediator complex subunits from different modules in the transcriptional response of Arabidopsis thaliana to abiotic stress	Illumina HiSeq 2500 sequencing; Single-end sequencing of Arabidopsis thaliana leaf before and during heat or cold or salt stress in four mediator mutants and WT plants	med9_CS3_A	3995839a7782e72e7c8b973f3f408222	435831896	ftp.sra.ebi.ac.uk/vol1/fastq/ERR341/001/ERR3414721/ERR3414721.fastq.gz	ftp.sra.ebi.ac.uk/vol1/fastq/ERR341/001/ERR3414721/ERR3414721.fastq.gz	fasp.sra.ebi.ac.uk:/vol1/fastq/ERR341/001/ERR3414721/ERR3414721.fastq.gz
SAMEA5754907	ERR3414722	ERX3438304	SAMEA5754907	ERS3558363	PRJEB33339	ERP116123		ERA2029351	UPSC-0153-R0128	UPSC-0153-E0064	UPSC-0153-S0064	UPSC-0153	SINGLE	RANDOM	TRANSCRIPTOMIC	RNA-Seq	P6960_205	Illumina HiSeq 2500	ILLUMINA	713298495.0	13986245.0	3702	Arabidopsis thaliana	P6960_205	Illumina HiSeq 2500 sequencing; Single-end sequencing of Arabidopsis thaliana leaf before and during heat or cold or salt stress in four mediator mutants and WT plants	Specific functions for Mediator complex subunits from different modules in the transcriptional response of Arabidopsis thaliana to abiotic stress	Illumina HiSeq 2500 sequencing; Single-end sequencing of Arabidopsis thaliana leaf before and during heat or cold or salt stress in four mediator mutants and WT plants	med9_CS3_A	3cf2f7927d5339fa1638ce81d081afe8	434807742	ftp.sra.ebi.ac.uk/vol1/fastq/ERR341/002/ERR3414722/ERR3414722.fastq.gz	ftp.sra.ebi.ac.uk/vol1/fastq/ERR341/002/ERR3414722/ERR3414722.fastq.gz	fasp.sra.ebi.ac.uk:/vol1/fastq/ERR341/002/ERR3414722/ERR3414722.fastq.gz
SAMEA5754908	ERR3414723	ERX3438305	SAMEA5754908	ERS3558364	PRJEB33339	ERP116123		ERA2029351	UPSC-0153-R0129	UPSC-0153-E0065	UPSC-0153-S0065	UPSC-0153	SINGLE	RANDOM	TRANSCRIPTOMIC	RNA-Seq	P6960_206	Illumina HiSeq 2500	ILLUMINA	707583996.0	13874196.0	3702	Arabidopsis thaliana	P6960_206	Illumina HiSeq 2500 sequencing; Single-end sequencing of Arabidopsis thaliana leaf before and during heat or cold or salt stress in four mediator mutants and WT plants	Specific functions for Mediator complex subunits from different modules in the transcriptional response of Arabidopsis thaliana to abiotic stress	Illumina HiSeq 2500 sequencing; Single-end sequencing of Arabidopsis thaliana leaf before and during heat or cold or salt stress in four mediator mutants and WT plants	med9_CS3_B	923fa5bce50dc4b76ca829de48080fa6	431330829	ftp.sra.ebi.ac.uk/vol1/fastq/ERR341/003/ERR3414723/ERR3414723.fastq.gz	ftp.sra.ebi.ac.uk/vol1/fastq/ERR341/003/ERR3414723/ERR3414723.fastq.gz	fasp.sra.ebi.ac.uk:/vol1/fastq/ERR341/003/ERR3414723/ERR3414723.fastq.gz
SAMEA5754908	ERR3414724	ERX3438305	SAMEA5754908	ERS3558364	PRJEB33339	ERP116123		ERA2029351	UPSC-0153-R0130	UPSC-0153-E0065	UPSC-0153-S0065	UPSC-0153	SINGLE	RANDOM	TRANSCRIPTOMIC	RNA-Seq	P6960_206	Illumina HiSeq 2500	ILLUMINA	711592800.0	13952800.0	3702	Arabidopsis thaliana	P6960_206	Illumina HiSeq 2500 sequencing; Single-end sequencing of Arabidopsis thaliana leaf before and during heat or cold or salt stress in four mediator mutants and WT plants	Specific functions for Mediator complex subunits from different modules in the transcriptional response of Arabidopsis thaliana to abiotic stress	Illumina HiSeq 2500 sequencing; Single-end sequencing of Arabidopsis thaliana leaf before and during heat or cold or salt stress in four mediator mutants and WT plants	med9_CS3_B	e8d041ca73819404bdf95a5ef104befe	430881344	ftp.sra.ebi.ac.uk/vol1/fastq/ERR341/004/ERR3414724/ERR3414724.fastq.gz	ftp.sra.ebi.ac.uk/vol1/fastq/ERR341/004/ERR3414724/ERR3414724.fastq.gz	fasp.sra.ebi.ac.uk:/vol1/fastq/ERR341/004/ERR3414724/ERR3414724.fastq.gz
SAMEA5754909	ERR3414725	ERX3438306	SAMEA5754909	ERS3558365	PRJEB33339	ERP116123		ERA2029351	UPSC-0153-R0131	UPSC-0153-E0066	UPSC-0153-S0066	UPSC-0153	SINGLE	RANDOM	TRANSCRIPTOMIC	RNA-Seq	P6960_207	Illumina HiSeq 2500	ILLUMINA	749730294.0	14700594.0	3702	Arabidopsis thaliana	P6960_207	Illumina HiSeq 2500 sequencing; Single-end sequencing of Arabidopsis thaliana leaf before and during heat or cold or salt stress in four mediator mutants and WT plants	Specific functions for Mediator complex subunits from different modules in the transcriptional response of Arabidopsis thaliana to abiotic stress	Illumina HiSeq 2500 sequencing; Single-end sequencing of Arabidopsis thaliana leaf before and during heat or cold or salt stress in four mediator mutants and WT plants	med9_CS3_C	6e667bfc42490c01077d5d00fe34749f	458929622	ftp.sra.ebi.ac.uk/vol1/fastq/ERR341/005/ERR3414725/ERR3414725.fastq.gz	ftp.sra.ebi.ac.uk/vol1/fastq/ERR341/005/ERR3414725/ERR3414725.fastq.gz	fasp.sra.ebi.ac.uk:/vol1/fastq/ERR341/005/ERR3414725/ERR3414725.fastq.gz
SAMEA5754909	ERR3414726	ERX3438306	SAMEA5754909	ERS3558365	PRJEB33339	ERP116123		ERA2029351	UPSC-0153-R0132	UPSC-0153-E0066	UPSC-0153-S0066	UPSC-0153	SINGLE	RANDOM	TRANSCRIPTOMIC	RNA-Seq	P6960_207	Illumina HiSeq 2500	ILLUMINA	752582622.0	14756522.0	3702	Arabidopsis thaliana	P6960_207	Illumina HiSeq 2500 sequencing; Single-end sequencing of Arabidopsis thaliana leaf before and during heat or cold or salt stress in four mediator mutants and WT plants	Specific functions for Mediator complex subunits from different modules in the transcriptional response of Arabidopsis thaliana to abiotic stress	Illumina HiSeq 2500 sequencing; Single-end sequencing of Arabidopsis thaliana leaf before and during heat or cold or salt stress in four mediator mutants and WT plants	med9_CS3_C	c72e9ed57831b22fd9b86a813741ff29	457935092	ftp.sra.ebi.ac.uk/vol1/fastq/ERR341/006/ERR3414726/ERR3414726.fastq.gz	ftp.sra.ebi.ac.uk/vol1/fastq/ERR341/006/ERR3414726/ERR3414726.fastq.gz	fasp.sra.ebi.ac.uk:/vol1/fastq/ERR341/006/ERR3414726/ERR3414726.fastq.gz
SAMEA5754910	ERR3414727	ERX3438307	SAMEA5754910	ERS3558366	PRJEB33339	ERP116123		ERA2029351	UPSC-0153-R0133	UPSC-0153-E0067	UPSC-0153-S0067	UPSC-0153	SINGLE	RANDOM	TRANSCRIPTOMIC	RNA-Seq	P6960_208	Illumina HiSeq 2500	ILLUMINA	667512531.0	13088481.0	3702	Arabidopsis thaliana	P6960_208	Illumina HiSeq 2500 sequencing; Single-end sequencing of Arabidopsis thaliana leaf before and during heat or cold or salt stress in four mediator mutants and WT plants	Specific functions for Mediator complex subunits from different modules in the transcriptional response of Arabidopsis thaliana to abiotic stress	Illumina HiSeq 2500 sequencing; Single-end sequencing of Arabidopsis thaliana leaf before and during heat or cold or salt stress in four mediator mutants and WT plants	med9_CS3_D	5b6d407fc0a903747703df32436863c7	421276947	ftp.sra.ebi.ac.uk/vol1/fastq/ERR341/007/ERR3414727/ERR3414727.fastq.gz	ftp.sra.ebi.ac.uk/vol1/fastq/ERR341/007/ERR3414727/ERR3414727.fastq.gz	fasp.sra.ebi.ac.uk:/vol1/fastq/ERR341/007/ERR3414727/ERR3414727.fastq.gz
SAMEA5754910	ERR3414728	ERX3438307	SAMEA5754910	ERS3558366	PRJEB33339	ERP116123		ERA2029351	UPSC-0153-R0134	UPSC-0153-E0067	UPSC-0153-S0067	UPSC-0153	SINGLE	RANDOM	TRANSCRIPTOMIC	RNA-Seq	P6960_208	Illumina HiSeq 2500	ILLUMINA	668867244.0	13115044.0	3702	Arabidopsis thaliana	P6960_208	Illumina HiSeq 2500 sequencing; Single-end sequencing of Arabidopsis thaliana leaf before and during heat or cold or salt stress in four mediator mutants and WT plants	Specific functions for Mediator complex subunits from different modules in the transcriptional response of Arabidopsis thaliana to abiotic stress	Illumina HiSeq 2500 sequencing; Single-end sequencing of Arabidopsis thaliana leaf before and during heat or cold or salt stress in four mediator mutants and WT plants	med9_CS3_D	cc9986c78a63eeaaa62668412ed3cb27	419869268	ftp.sra.ebi.ac.uk/vol1/fastq/ERR341/008/ERR3414728/ERR3414728.fastq.gz	ftp.sra.ebi.ac.uk/vol1/fastq/ERR341/008/ERR3414728/ERR3414728.fastq.gz	fasp.sra.ebi.ac.uk:/vol1/fastq/ERR341/008/ERR3414728/ERR3414728.fastq.gz
SAMEA5754911	ERR3414729	ERX3438308	SAMEA5754911	ERS3558367	PRJEB33339	ERP116123		ERA2029351	UPSC-0153-R0135	UPSC-0153-E0068	UPSC-0153-S0068	UPSC-0153	SINGLE	RANDOM	TRANSCRIPTOMIC	RNA-Seq	P6960_209	Illumina HiSeq 2500	ILLUMINA	673879473.0	13213323.0	3702	Arabidopsis thaliana	P6960_209	Illumina HiSeq 2500 sequencing; Single-end sequencing of Arabidopsis thaliana leaf before and during heat or cold or salt stress in four mediator mutants and WT plants	Specific functions for Mediator complex subunits from different modules in the transcriptional response of Arabidopsis thaliana to abiotic stress	Illumina HiSeq 2500 sequencing; Single-end sequencing of Arabidopsis thaliana leaf before and during heat or cold or salt stress in four mediator mutants and WT plants	med16_CS3_A	25264b2861c1abc6631926b070efece4	411682560	ftp.sra.ebi.ac.uk/vol1/fastq/ERR341/009/ERR3414729/ERR3414729.fastq.gz	ftp.sra.ebi.ac.uk/vol1/fastq/ERR341/009/ERR3414729/ERR3414729.fastq.gz	fasp.sra.ebi.ac.uk:/vol1/fastq/ERR341/009/ERR3414729/ERR3414729.fastq.gz
SAMEA5754911	ERR3414730	ERX3438308	SAMEA5754911	ERS3558367	PRJEB33339	ERP116123		ERA2029351	UPSC-0153-R0136	UPSC-0153-E0068	UPSC-0153-S0068	UPSC-0153	SINGLE	RANDOM	TRANSCRIPTOMIC	RNA-Seq	P6960_209	Illumina HiSeq 2500	ILLUMINA	677704371.0	13288321.0	3702	Arabidopsis thaliana	P6960_209	Illumina HiSeq 2500 sequencing; Single-end sequencing of Arabidopsis thaliana leaf before and during heat or cold or salt stress in four mediator mutants and WT plants	Specific functions for Mediator complex subunits from different modules in the transcriptional response of Arabidopsis thaliana to abiotic stress	Illumina HiSeq 2500 sequencing; Single-end sequencing of Arabidopsis thaliana leaf before and during heat or cold or salt stress in four mediator mutants and WT plants	med16_CS3_A	93c1bcc1aaa2792e6b346288a9efa933	411147941	ftp.sra.ebi.ac.uk/vol1/fastq/ERR341/000/ERR3414730/ERR3414730.fastq.gz	ftp.sra.ebi.ac.uk/vol1/fastq/ERR341/000/ERR3414730/ERR3414730.fastq.gz	fasp.sra.ebi.ac.uk:/vol1/fastq/ERR341/000/ERR3414730/ERR3414730.fastq.gz
SAMEA5754912	ERR3414731	ERX3438309	SAMEA5754912	ERS3558368	PRJEB33339	ERP116123		ERA2029351	UPSC-0153-R0137	UPSC-0153-E0069	UPSC-0153-S0069	UPSC-0153	SINGLE	RANDOM	TRANSCRIPTOMIC	RNA-Seq	P6960_210	Illumina HiSeq 2500	ILLUMINA	616653495.0	12091245.0	3702	Arabidopsis thaliana	P6960_210	Illumina HiSeq 2500 sequencing; Single-end sequencing of Arabidopsis thaliana leaf before and during heat or cold or salt stress in four mediator mutants and WT plants	Specific functions for Mediator complex subunits from different modules in the transcriptional response of Arabidopsis thaliana to abiotic stress	Illumina HiSeq 2500 sequencing; Single-end sequencing of Arabidopsis thaliana leaf before and during heat or cold or salt stress in four mediator mutants and WT plants	med16_CS3_B	87c232ef8b50e646775789310046404d	383103412	ftp.sra.ebi.ac.uk/vol1/fastq/ERR341/001/ERR3414731/ERR3414731.fastq.gz	ftp.sra.ebi.ac.uk/vol1/fastq/ERR341/001/ERR3414731/ERR3414731.fastq.gz	fasp.sra.ebi.ac.uk:/vol1/fastq/ERR341/001/ERR3414731/ERR3414731.fastq.gz
SAMEA5754912	ERR3414732	ERX3438309	SAMEA5754912	ERS3558368	PRJEB33339	ERP116123		ERA2029351	UPSC-0153-R0138	UPSC-0153-E0069	UPSC-0153-S0069	UPSC-0153	SINGLE	RANDOM	TRANSCRIPTOMIC	RNA-Seq	P6960_210	Illumina HiSeq 2500	ILLUMINA	620051268.0	12157868.0	3702	Arabidopsis thaliana	P6960_210	Illumina HiSeq 2500 sequencing; Single-end sequencing of Arabidopsis thaliana leaf before and during heat or cold or salt stress in four mediator mutants and WT plants	Specific functions for Mediator complex subunits from different modules in the transcriptional response of Arabidopsis thaliana to abiotic stress	Illumina HiSeq 2500 sequencing; Single-end sequencing of Arabidopsis thaliana leaf before and during heat or cold or salt stress in four mediator mutants and WT plants	med16_CS3_B	4e7042777c9d390b6e6ce3020cbcb9ec	382771834	ftp.sra.ebi.ac.uk/vol1/fastq/ERR341/002/ERR3414732/ERR3414732.fastq.gz	ftp.sra.ebi.ac.uk/vol1/fastq/ERR341/002/ERR3414732/ERR3414732.fastq.gz	fasp.sra.ebi.ac.uk:/vol1/fastq/ERR341/002/ERR3414732/ERR3414732.fastq.gz
SAMEA5754913	ERR3414733	ERX3438310	SAMEA5754913	ERS3558369	PRJEB33339	ERP116123		ERA2029351	UPSC-0153-R0139	UPSC-0153-E0070	UPSC-0153-S0070	UPSC-0153	SINGLE	RANDOM	TRANSCRIPTOMIC	RNA-Seq	P6960_211	Illumina HiSeq 2500	ILLUMINA	612586347.0	12011497.0	3702	Arabidopsis thaliana	P6960_211	Illumina HiSeq 2500 sequencing; Single-end sequencing of Arabidopsis thaliana leaf before and during heat or cold or salt stress in four mediator mutants and WT plants	Specific functions for Mediator complex subunits from different modules in the transcriptional response of Arabidopsis thaliana to abiotic stress	Illumina HiSeq 2500 sequencing; Single-end sequencing of Arabidopsis thaliana leaf before and during heat or cold or salt stress in four mediator mutants and WT plants	med16_CS3_C	380f7ababe26bbd83d89527aa6538e2b	379781955	ftp.sra.ebi.ac.uk/vol1/fastq/ERR341/003/ERR3414733/ERR3414733.fastq.gz	ftp.sra.ebi.ac.uk/vol1/fastq/ERR341/003/ERR3414733/ERR3414733.fastq.gz	fasp.sra.ebi.ac.uk:/vol1/fastq/ERR341/003/ERR3414733/ERR3414733.fastq.gz
SAMEA5754913	ERR3414734	ERX3438310	SAMEA5754913	ERS3558369	PRJEB33339	ERP116123		ERA2029351	UPSC-0153-R0140	UPSC-0153-E0070	UPSC-0153-S0070	UPSC-0153	SINGLE	RANDOM	TRANSCRIPTOMIC	RNA-Seq	P6960_211	Illumina HiSeq 2500	ILLUMINA	615025983.0	12059333.0	3702	Arabidopsis thaliana	P6960_211	Illumina HiSeq 2500 sequencing; Single-end sequencing of Arabidopsis thaliana leaf before and during heat or cold or salt stress in four mediator mutants and WT plants	Specific functions for Mediator complex subunits from different modules in the transcriptional response of Arabidopsis thaliana to abiotic stress	Illumina HiSeq 2500 sequencing; Single-end sequencing of Arabidopsis thaliana leaf before and during heat or cold or salt stress in four mediator mutants and WT plants	med16_CS3_C	58b2423cd02686dccbfe8d4409aedc36	378923690	ftp.sra.ebi.ac.uk/vol1/fastq/ERR341/004/ERR3414734/ERR3414734.fastq.gz	ftp.sra.ebi.ac.uk/vol1/fastq/ERR341/004/ERR3414734/ERR3414734.fastq.gz	fasp.sra.ebi.ac.uk:/vol1/fastq/ERR341/004/ERR3414734/ERR3414734.fastq.gz
SAMEA5754914	ERR3414735	ERX3438311	SAMEA5754914	ERS3558370	PRJEB33339	ERP116123		ERA2029351	UPSC-0153-R0141	UPSC-0153-E0071	UPSC-0153-S0071	UPSC-0153	SINGLE	RANDOM	TRANSCRIPTOMIC	RNA-Seq	P6960_212	Illumina HiSeq 2500	ILLUMINA	707293347.0	13868497.0	3702	Arabidopsis thaliana	P6960_212	Illumina HiSeq 2500 sequencing; Single-end sequencing of Arabidopsis thaliana leaf before and during heat or cold or salt stress in four mediator mutants and WT plants	Specific functions for Mediator complex subunits from different modules in the transcriptional response of Arabidopsis thaliana to abiotic stress	Illumina HiSeq 2500 sequencing; Single-end sequencing of Arabidopsis thaliana leaf before and during heat or cold or salt stress in four mediator mutants and WT plants	med16_CS3_D	3db0d4eee50ff00605868fdf6378b1a1	440934859	ftp.sra.ebi.ac.uk/vol1/fastq/ERR341/005/ERR3414735/ERR3414735.fastq.gz	ftp.sra.ebi.ac.uk/vol1/fastq/ERR341/005/ERR3414735/ERR3414735.fastq.gz	fasp.sra.ebi.ac.uk:/vol1/fastq/ERR341/005/ERR3414735/ERR3414735.fastq.gz
SAMEA5754914	ERR3414736	ERX3438311	SAMEA5754914	ERS3558370	PRJEB33339	ERP116123		ERA2029351	UPSC-0153-R0142	UPSC-0153-E0071	UPSC-0153-S0071	UPSC-0153	SINGLE	RANDOM	TRANSCRIPTOMIC	RNA-Seq	P6960_212	Illumina HiSeq 2500	ILLUMINA	711359577.0	13948227.0	3702	Arabidopsis thaliana	P6960_212	Illumina HiSeq 2500 sequencing; Single-end sequencing of Arabidopsis thaliana leaf before and during heat or cold or salt stress in four mediator mutants and WT plants	Specific functions for Mediator complex subunits from different modules in the transcriptional response of Arabidopsis thaliana to abiotic stress	Illumina HiSeq 2500 sequencing; Single-end sequencing of Arabidopsis thaliana leaf before and during heat or cold or salt stress in four mediator mutants and WT plants	med16_CS3_D	d6312960b959aee0734d85a3e277ff36	440621201	ftp.sra.ebi.ac.uk/vol1/fastq/ERR341/006/ERR3414736/ERR3414736.fastq.gz	ftp.sra.ebi.ac.uk/vol1/fastq/ERR341/006/ERR3414736/ERR3414736.fastq.gz	fasp.sra.ebi.ac.uk:/vol1/fastq/ERR341/006/ERR3414736/ERR3414736.fastq.gz
SAMEA5754915	ERR3414737	ERX3438312	SAMEA5754915	ERS3558371	PRJEB33339	ERP116123		ERA2029351	UPSC-0153-R0143	UPSC-0153-E0072	UPSC-0153-S0072	UPSC-0153	SINGLE	RANDOM	TRANSCRIPTOMIC	RNA-Seq	P6960_213	Illumina HiSeq 2500	ILLUMINA	656740413.0	12877263.0	3702	Arabidopsis thaliana	P6960_213	Illumina HiSeq 2500 sequencing; Single-end sequencing of Arabidopsis thaliana leaf before and during heat or cold or salt stress in four mediator mutants and WT plants	Specific functions for Mediator complex subunits from different modules in the transcriptional response of Arabidopsis thaliana to abiotic stress	Illumina HiSeq 2500 sequencing; Single-end sequencing of Arabidopsis thaliana leaf before and during heat or cold or salt stress in four mediator mutants and WT plants	med18_CS3_A	a58da723a209c2f9176e6d5c8fe4d550	405557676	ftp.sra.ebi.ac.uk/vol1/fastq/ERR341/007/ERR3414737/ERR3414737.fastq.gz	ftp.sra.ebi.ac.uk/vol1/fastq/ERR341/007/ERR3414737/ERR3414737.fastq.gz	fasp.sra.ebi.ac.uk:/vol1/fastq/ERR341/007/ERR3414737/ERR3414737.fastq.gz
SAMEA5754915	ERR3414738	ERX3438312	SAMEA5754915	ERS3558371	PRJEB33339	ERP116123		ERA2029351	UPSC-0153-R0144	UPSC-0153-E0072	UPSC-0153-S0072	UPSC-0153	SINGLE	RANDOM	TRANSCRIPTOMIC	RNA-Seq	P6960_213	Illumina HiSeq 2500	ILLUMINA	659453562.0	12930462.0	3702	Arabidopsis thaliana	P6960_213	Illumina HiSeq 2500 sequencing; Single-end sequencing of Arabidopsis thaliana leaf before and during heat or cold or salt stress in four mediator mutants and WT plants	Specific functions for Mediator complex subunits from different modules in the transcriptional response of Arabidopsis thaliana to abiotic stress	Illumina HiSeq 2500 sequencing; Single-end sequencing of Arabidopsis thaliana leaf before and during heat or cold or salt stress in four mediator mutants and WT plants	med18_CS3_A	124443dda7583b017eaac319d5a74c5f	404650606	ftp.sra.ebi.ac.uk/vol1/fastq/ERR341/008/ERR3414738/ERR3414738.fastq.gz	ftp.sra.ebi.ac.uk/vol1/fastq/ERR341/008/ERR3414738/ERR3414738.fastq.gz	fasp.sra.ebi.ac.uk:/vol1/fastq/ERR341/008/ERR3414738/ERR3414738.fastq.gz
SAMEA5754916	ERR3414739	ERX3438313	SAMEA5754916	ERS3558372	PRJEB33339	ERP116123		ERA2029351	UPSC-0153-R0145	UPSC-0153-E0073	UPSC-0153-S0073	UPSC-0153	SINGLE	RANDOM	TRANSCRIPTOMIC	RNA-Seq	P6960_214	Illumina HiSeq 2500	ILLUMINA	745380096.0	14615296.0	3702	Arabidopsis thaliana	P6960_214	Illumina HiSeq 2500 sequencing; Single-end sequencing of Arabidopsis thaliana leaf before and during heat or cold or salt stress in four mediator mutants and WT plants	Specific functions for Mediator complex subunits from different modules in the transcriptional response of Arabidopsis thaliana to abiotic stress	Illumina HiSeq 2500 sequencing; Single-end sequencing of Arabidopsis thaliana leaf before and during heat or cold or salt stress in four mediator mutants and WT plants	med18_CS3_B	a69dc61b91c4ae3e11bb40fc9f3cf8ce	457416797	ftp.sra.ebi.ac.uk/vol1/fastq/ERR341/009/ERR3414739/ERR3414739.fastq.gz	ftp.sra.ebi.ac.uk/vol1/fastq/ERR341/009/ERR3414739/ERR3414739.fastq.gz	fasp.sra.ebi.ac.uk:/vol1/fastq/ERR341/009/ERR3414739/ERR3414739.fastq.gz
SAMEA5754916	ERR3414740	ERX3438313	SAMEA5754916	ERS3558372	PRJEB33339	ERP116123		ERA2029351	UPSC-0153-R0146	UPSC-0153-E0073	UPSC-0153-S0073	UPSC-0153	SINGLE	RANDOM	TRANSCRIPTOMIC	RNA-Seq	P6960_214	Illumina HiSeq 2500	ILLUMINA	748645014.0	14679314.0	3702	Arabidopsis thaliana	P6960_214	Illumina HiSeq 2500 sequencing; Single-end sequencing of Arabidopsis thaliana leaf before and during heat or cold or salt stress in four mediator mutants and WT plants	Specific functions for Mediator complex subunits from different modules in the transcriptional response of Arabidopsis thaliana to abiotic stress	Illumina HiSeq 2500 sequencing; Single-end sequencing of Arabidopsis thaliana leaf before and during heat or cold or salt stress in four mediator mutants and WT plants	med18_CS3_B	bdc16e8ce5d5a1af6330c557218ae76c	456520492	ftp.sra.ebi.ac.uk/vol1/fastq/ERR341/000/ERR3414740/ERR3414740.fastq.gz	ftp.sra.ebi.ac.uk/vol1/fastq/ERR341/000/ERR3414740/ERR3414740.fastq.gz	fasp.sra.ebi.ac.uk:/vol1/fastq/ERR341/000/ERR3414740/ERR3414740.fastq.gz
SAMEA5754917	ERR3414741	ERX3438314	SAMEA5754917	ERS3558373	PRJEB33339	ERP116123		ERA2029351	UPSC-0153-R0147	UPSC-0153-E0074	UPSC-0153-S0074	UPSC-0153	SINGLE	RANDOM	TRANSCRIPTOMIC	RNA-Seq	P6960_215	Illumina HiSeq 2500	ILLUMINA	806125227.0	15806377.0	3702	Arabidopsis thaliana	P6960_215	Illumina HiSeq 2500 sequencing; Single-end sequencing of Arabidopsis thaliana leaf before and during heat or cold or salt stress in four mediator mutants and WT plants	Specific functions for Mediator complex subunits from different modules in the transcriptional response of Arabidopsis thaliana to abiotic stress	Illumina HiSeq 2500 sequencing; Single-end sequencing of Arabidopsis thaliana leaf before and during heat or cold or salt stress in four mediator mutants and WT plants	med18_CS3_C	6a1e6d078d65a16336b09114de462eae	490991245	ftp.sra.ebi.ac.uk/vol1/fastq/ERR341/001/ERR3414741/ERR3414741.fastq.gz	ftp.sra.ebi.ac.uk/vol1/fastq/ERR341/001/ERR3414741/ERR3414741.fastq.gz	fasp.sra.ebi.ac.uk:/vol1/fastq/ERR341/001/ERR3414741/ERR3414741.fastq.gz
SAMEA5754917	ERR3414742	ERX3438314	SAMEA5754917	ERS3558373	PRJEB33339	ERP116123		ERA2029351	UPSC-0153-R0148	UPSC-0153-E0074	UPSC-0153-S0074	UPSC-0153	SINGLE	RANDOM	TRANSCRIPTOMIC	RNA-Seq	P6960_215	Illumina HiSeq 2500	ILLUMINA	812425206.0	15929906.0	3702	Arabidopsis thaliana	P6960_215	Illumina HiSeq 2500 sequencing; Single-end sequencing of Arabidopsis thaliana leaf before and during heat or cold or salt stress in four mediator mutants and WT plants	Specific functions for Mediator complex subunits from different modules in the transcriptional response of Arabidopsis thaliana to abiotic stress	Illumina HiSeq 2500 sequencing; Single-end sequencing of Arabidopsis thaliana leaf before and during heat or cold or salt stress in four mediator mutants and WT plants	med18_CS3_C	86eeb12d3cae1ab0577394958882e9c2	491386749	ftp.sra.ebi.ac.uk/vol1/fastq/ERR341/002/ERR3414742/ERR3414742.fastq.gz	ftp.sra.ebi.ac.uk/vol1/fastq/ERR341/002/ERR3414742/ERR3414742.fastq.gz	fasp.sra.ebi.ac.uk:/vol1/fastq/ERR341/002/ERR3414742/ERR3414742.fastq.gz
SAMEA5754918	ERR3414743	ERX3438315	SAMEA5754918	ERS3558374	PRJEB33339	ERP116123		ERA2029351	UPSC-0153-R0149	UPSC-0153-E0075	UPSC-0153-S0075	UPSC-0153	SINGLE	RANDOM	TRANSCRIPTOMIC	RNA-Seq	P6960_216	Illumina HiSeq 2500	ILLUMINA	662313132.0	12986532.0	3702	Arabidopsis thaliana	P6960_216	Illumina HiSeq 2500 sequencing; Single-end sequencing of Arabidopsis thaliana leaf before and during heat or cold or salt stress in four mediator mutants and WT plants	Specific functions for Mediator complex subunits from different modules in the transcriptional response of Arabidopsis thaliana to abiotic stress	Illumina HiSeq 2500 sequencing; Single-end sequencing of Arabidopsis thaliana leaf before and during heat or cold or salt stress in four mediator mutants and WT plants	med18_CS3_D	55104a01db56b0ca4efaae9226bc8a4b	410646816	ftp.sra.ebi.ac.uk/vol1/fastq/ERR341/003/ERR3414743/ERR3414743.fastq.gz	ftp.sra.ebi.ac.uk/vol1/fastq/ERR341/003/ERR3414743/ERR3414743.fastq.gz	fasp.sra.ebi.ac.uk:/vol1/fastq/ERR341/003/ERR3414743/ERR3414743.fastq.gz
SAMEA5754918	ERR3414744	ERX3438315	SAMEA5754918	ERS3558374	PRJEB33339	ERP116123		ERA2029351	UPSC-0153-R0150	UPSC-0153-E0075	UPSC-0153-S0075	UPSC-0153	SINGLE	RANDOM	TRANSCRIPTOMIC	RNA-Seq	P6960_216	Illumina HiSeq 2500	ILLUMINA	666226515.0	13063265.0	3702	Arabidopsis thaliana	P6960_216	Illumina HiSeq 2500 sequencing; Single-end sequencing of Arabidopsis thaliana leaf before and during heat or cold or salt stress in four mediator mutants and WT plants	Specific functions for Mediator complex subunits from different modules in the transcriptional response of Arabidopsis thaliana to abiotic stress	Illumina HiSeq 2500 sequencing; Single-end sequencing of Arabidopsis thaliana leaf before and during heat or cold or salt stress in four mediator mutants and WT plants	med18_CS3_D	af7b6f05a236309a6fe0214c5b753574	410515629	ftp.sra.ebi.ac.uk/vol1/fastq/ERR341/004/ERR3414744/ERR3414744.fastq.gz	ftp.sra.ebi.ac.uk/vol1/fastq/ERR341/004/ERR3414744/ERR3414744.fastq.gz	fasp.sra.ebi.ac.uk:/vol1/fastq/ERR341/004/ERR3414744/ERR3414744.fastq.gz
SAMEA5754919	ERR3414745	ERX3438316	SAMEA5754919	ERS3558375	PRJEB33339	ERP116123		ERA2029351	UPSC-0153-R0151	UPSC-0153-E0076	UPSC-0153-S0076	UPSC-0153	SINGLE	RANDOM	TRANSCRIPTOMIC	RNA-Seq	P6960_217	Illumina HiSeq 2500	ILLUMINA	726532077.0	14245727.0	3702	Arabidopsis thaliana	P6960_217	Illumina HiSeq 2500 sequencing; Single-end sequencing of Arabidopsis thaliana leaf before and during heat or cold or salt stress in four mediator mutants and WT plants	Specific functions for Mediator complex subunits from different modules in the transcriptional response of Arabidopsis thaliana to abiotic stress	Illumina HiSeq 2500 sequencing; Single-end sequencing of Arabidopsis thaliana leaf before and during heat or cold or salt stress in four mediator mutants and WT plants	cdk8_CS3_A	629fc716f4d3e2987f608b0048b944ae	456140963	ftp.sra.ebi.ac.uk/vol1/fastq/ERR341/005/ERR3414745/ERR3414745.fastq.gz	ftp.sra.ebi.ac.uk/vol1/fastq/ERR341/005/ERR3414745/ERR3414745.fastq.gz	fasp.sra.ebi.ac.uk:/vol1/fastq/ERR341/005/ERR3414745/ERR3414745.fastq.gz
SAMEA5754919	ERR3414746	ERX3438316	SAMEA5754919	ERS3558375	PRJEB33339	ERP116123		ERA2029351	UPSC-0153-R0152	UPSC-0153-E0076	UPSC-0153-S0076	UPSC-0153	SINGLE	RANDOM	TRANSCRIPTOMIC	RNA-Seq	P6960_217	Illumina HiSeq 2500	ILLUMINA	730641402.0	14326302.0	3702	Arabidopsis thaliana	P6960_217	Illumina HiSeq 2500 sequencing; Single-end sequencing of Arabidopsis thaliana leaf before and during heat or cold or salt stress in four mediator mutants and WT plants	Specific functions for Mediator complex subunits from different modules in the transcriptional response of Arabidopsis thaliana to abiotic stress	Illumina HiSeq 2500 sequencing; Single-end sequencing of Arabidopsis thaliana leaf before and during heat or cold or salt stress in four mediator mutants and WT plants	cdk8_CS3_A	907a772bfeb857efd10818db73f6330b	455781974	ftp.sra.ebi.ac.uk/vol1/fastq/ERR341/006/ERR3414746/ERR3414746.fastq.gz	ftp.sra.ebi.ac.uk/vol1/fastq/ERR341/006/ERR3414746/ERR3414746.fastq.gz	fasp.sra.ebi.ac.uk:/vol1/fastq/ERR341/006/ERR3414746/ERR3414746.fastq.gz
SAMEA5754920	ERR3414747	ERX3438317	SAMEA5754920	ERS3558376	PRJEB33339	ERP116123		ERA2029351	UPSC-0153-R0153	UPSC-0153-E0077	UPSC-0153-S0077	UPSC-0153	SINGLE	RANDOM	TRANSCRIPTOMIC	RNA-Seq	P6960_218	Illumina HiSeq 2500	ILLUMINA	675561351.0	13246301.0	3702	Arabidopsis thaliana	P6960_218	Illumina HiSeq 2500 sequencing; Single-end sequencing of Arabidopsis thaliana leaf before and during heat or cold or salt stress in four mediator mutants and WT plants	Specific functions for Mediator complex subunits from different modules in the transcriptional response of Arabidopsis thaliana to abiotic stress	Illumina HiSeq 2500 sequencing; Single-end sequencing of Arabidopsis thaliana leaf before and during heat or cold or salt stress in four mediator mutants and WT plants	cdk8_CS3_B	423d143fabb00f3ae30545f7ca10e98b	415222326	ftp.sra.ebi.ac.uk/vol1/fastq/ERR341/007/ERR3414747/ERR3414747.fastq.gz	ftp.sra.ebi.ac.uk/vol1/fastq/ERR341/007/ERR3414747/ERR3414747.fastq.gz	fasp.sra.ebi.ac.uk:/vol1/fastq/ERR341/007/ERR3414747/ERR3414747.fastq.gz
SAMEA5754920	ERR3414748	ERX3438317	SAMEA5754920	ERS3558376	PRJEB33339	ERP116123		ERA2029351	UPSC-0153-R0154	UPSC-0153-E0077	UPSC-0153-S0077	UPSC-0153	SINGLE	RANDOM	TRANSCRIPTOMIC	RNA-Seq	P6960_218	Illumina HiSeq 2500	ILLUMINA	679253088.0	13318688.0	3702	Arabidopsis thaliana	P6960_218	Illumina HiSeq 2500 sequencing; Single-end sequencing of Arabidopsis thaliana leaf before and during heat or cold or salt stress in four mediator mutants and WT plants	Specific functions for Mediator complex subunits from different modules in the transcriptional response of Arabidopsis thaliana to abiotic stress	Illumina HiSeq 2500 sequencing; Single-end sequencing of Arabidopsis thaliana leaf before and during heat or cold or salt stress in four mediator mutants and WT plants	cdk8_CS3_B	5dc470095832ab7b1b10d12ac27bfa18	414784641	ftp.sra.ebi.ac.uk/vol1/fastq/ERR341/008/ERR3414748/ERR3414748.fastq.gz	ftp.sra.ebi.ac.uk/vol1/fastq/ERR341/008/ERR3414748/ERR3414748.fastq.gz	fasp.sra.ebi.ac.uk:/vol1/fastq/ERR341/008/ERR3414748/ERR3414748.fastq.gz
SAMEA5754921	ERR3414749	ERX3438318	SAMEA5754921	ERS3558377	PRJEB33339	ERP116123		ERA2029351	UPSC-0153-R0155	UPSC-0153-E0078	UPSC-0153-S0078	UPSC-0153	SINGLE	RANDOM	TRANSCRIPTOMIC	RNA-Seq	P6960_219	Illumina HiSeq 2500	ILLUMINA	695769744.0	13642544.0	3702	Arabidopsis thaliana	P6960_219	Illumina HiSeq 2500 sequencing; Single-end sequencing of Arabidopsis thaliana leaf before and during heat or cold or salt stress in four mediator mutants and WT plants	Specific functions for Mediator complex subunits from different modules in the transcriptional response of Arabidopsis thaliana to abiotic stress	Illumina HiSeq 2500 sequencing; Single-end sequencing of Arabidopsis thaliana leaf before and during heat or cold or salt stress in four mediator mutants and WT plants	cdk8_CS3_C	794448731aad112c164bfda48532afcc	429020318	ftp.sra.ebi.ac.uk/vol1/fastq/ERR341/009/ERR3414749/ERR3414749.fastq.gz	ftp.sra.ebi.ac.uk/vol1/fastq/ERR341/009/ERR3414749/ERR3414749.fastq.gz	fasp.sra.ebi.ac.uk:/vol1/fastq/ERR341/009/ERR3414749/ERR3414749.fastq.gz
SAMEA5754921	ERR3414750	ERX3438318	SAMEA5754921	ERS3558377	PRJEB33339	ERP116123		ERA2029351	UPSC-0153-R0156	UPSC-0153-E0078	UPSC-0153-S0078	UPSC-0153	SINGLE	RANDOM	TRANSCRIPTOMIC	RNA-Seq	P6960_219	Illumina HiSeq 2500	ILLUMINA	698416032.0	13694432.0	3702	Arabidopsis thaliana	P6960_219	Illumina HiSeq 2500 sequencing; Single-end sequencing of Arabidopsis thaliana leaf before and during heat or cold or salt stress in four mediator mutants and WT plants	Specific functions for Mediator complex subunits from different modules in the transcriptional response of Arabidopsis thaliana to abiotic stress	Illumina HiSeq 2500 sequencing; Single-end sequencing of Arabidopsis thaliana leaf before and during heat or cold or salt stress in four mediator mutants and WT plants	cdk8_CS3_C	512e3c76ddf7cba22cbb493120960f4c	428008635	ftp.sra.ebi.ac.uk/vol1/fastq/ERR341/000/ERR3414750/ERR3414750.fastq.gz	ftp.sra.ebi.ac.uk/vol1/fastq/ERR341/000/ERR3414750/ERR3414750.fastq.gz	fasp.sra.ebi.ac.uk:/vol1/fastq/ERR341/000/ERR3414750/ERR3414750.fastq.gz
SAMEA5754922	ERR3414751	ERX3438319	SAMEA5754922	ERS3558378	PRJEB33339	ERP116123		ERA2029351	UPSC-0153-R0157	UPSC-0153-E0079	UPSC-0153-S0079	UPSC-0153	SINGLE	RANDOM	TRANSCRIPTOMIC	RNA-Seq	P6960_220	Illumina HiSeq 2500	ILLUMINA	739078077.0	14491727.0	3702	Arabidopsis thaliana	P6960_220	Illumina HiSeq 2500 sequencing; Single-end sequencing of Arabidopsis thaliana leaf before and during heat or cold or salt stress in four mediator mutants and WT plants	Specific functions for Mediator complex subunits from different modules in the transcriptional response of Arabidopsis thaliana to abiotic stress	Illumina HiSeq 2500 sequencing; Single-end sequencing of Arabidopsis thaliana leaf before and during heat or cold or salt stress in four mediator mutants and WT plants	cdk8_CS3_D	5f3f655e858936418e34b8761caf4b82	454204149	ftp.sra.ebi.ac.uk/vol1/fastq/ERR341/001/ERR3414751/ERR3414751.fastq.gz	ftp.sra.ebi.ac.uk/vol1/fastq/ERR341/001/ERR3414751/ERR3414751.fastq.gz	fasp.sra.ebi.ac.uk:/vol1/fastq/ERR341/001/ERR3414751/ERR3414751.fastq.gz
SAMEA5754922	ERR3414752	ERX3438319	SAMEA5754922	ERS3558378	PRJEB33339	ERP116123		ERA2029351	UPSC-0153-R0158	UPSC-0153-E0079	UPSC-0153-S0079	UPSC-0153	SINGLE	RANDOM	TRANSCRIPTOMIC	RNA-Seq	P6960_220	Illumina HiSeq 2500	ILLUMINA	741587124.0	14540924.0	3702	Arabidopsis thaliana	P6960_220	Illumina HiSeq 2500 sequencing; Single-end sequencing of Arabidopsis thaliana leaf before and during heat or cold or salt stress in four mediator mutants and WT plants	Specific functions for Mediator complex subunits from different modules in the transcriptional response of Arabidopsis thaliana to abiotic stress	Illumina HiSeq 2500 sequencing; Single-end sequencing of Arabidopsis thaliana leaf before and during heat or cold or salt stress in four mediator mutants and WT plants	cdk8_CS3_D	125dbcb7c0918ad3fd022e2d12a781c9	452905824	ftp.sra.ebi.ac.uk/vol1/fastq/ERR341/002/ERR3414752/ERR3414752.fastq.gz	ftp.sra.ebi.ac.uk/vol1/fastq/ERR341/002/ERR3414752/ERR3414752.fastq.gz	fasp.sra.ebi.ac.uk:/vol1/fastq/ERR341/002/ERR3414752/ERR3414752.fastq.gz
SAMEA5754923	ERR3414753	ERX3438320	SAMEA5754923	ERS3558379	PRJEB33339	ERP116123		ERA2029351	UPSC-0153-R0159	UPSC-0153-E0080	UPSC-0153-S0080	UPSC-0153	SINGLE	RANDOM	TRANSCRIPTOMIC	RNA-Seq	P6960_221	Illumina HiSeq 2500	ILLUMINA	631387395.0	12380145.0	3702	Arabidopsis thaliana	P6960_221	Illumina HiSeq 2500 sequencing; Single-end sequencing of Arabidopsis thaliana leaf before and during heat or cold or salt stress in four mediator mutants and WT plants	Specific functions for Mediator complex subunits from different modules in the transcriptional response of Arabidopsis thaliana to abiotic stress	Illumina HiSeq 2500 sequencing; Single-end sequencing of Arabidopsis thaliana leaf before and during heat or cold or salt stress in four mediator mutants and WT plants	WT_CS72_A	18670b230a987b83fe378fb12bf53d90	392654209	ftp.sra.ebi.ac.uk/vol1/fastq/ERR341/003/ERR3414753/ERR3414753.fastq.gz	ftp.sra.ebi.ac.uk/vol1/fastq/ERR341/003/ERR3414753/ERR3414753.fastq.gz	fasp.sra.ebi.ac.uk:/vol1/fastq/ERR341/003/ERR3414753/ERR3414753.fastq.gz
SAMEA5754923	ERR3414754	ERX3438320	SAMEA5754923	ERS3558379	PRJEB33339	ERP116123		ERA2029351	UPSC-0153-R0160	UPSC-0153-E0080	UPSC-0153-S0080	UPSC-0153	SINGLE	RANDOM	TRANSCRIPTOMIC	RNA-Seq	P6960_221	Illumina HiSeq 2500	ILLUMINA	636198225.0	12474475.0	3702	Arabidopsis thaliana	P6960_221	Illumina HiSeq 2500 sequencing; Single-end sequencing of Arabidopsis thaliana leaf before and during heat or cold or salt stress in four mediator mutants and WT plants	Specific functions for Mediator complex subunits from different modules in the transcriptional response of Arabidopsis thaliana to abiotic stress	Illumina HiSeq 2500 sequencing; Single-end sequencing of Arabidopsis thaliana leaf before and during heat or cold or salt stress in four mediator mutants and WT plants	WT_CS72_A	8a016591de210bdffa598effcca04cf9	393001324	ftp.sra.ebi.ac.uk/vol1/fastq/ERR341/004/ERR3414754/ERR3414754.fastq.gz	ftp.sra.ebi.ac.uk/vol1/fastq/ERR341/004/ERR3414754/ERR3414754.fastq.gz	fasp.sra.ebi.ac.uk:/vol1/fastq/ERR341/004/ERR3414754/ERR3414754.fastq.gz
SAMEA5754924	ERR3414755	ERX3438321	SAMEA5754924	ERS3558380	PRJEB33339	ERP116123		ERA2029351	UPSC-0153-R0161	UPSC-0153-E0081	UPSC-0153-S0081	UPSC-0153	SINGLE	RANDOM	TRANSCRIPTOMIC	RNA-Seq	P6960_222	Illumina HiSeq 2500	ILLUMINA	656996586.0	12882286.0	3702	Arabidopsis thaliana	P6960_222	Illumina HiSeq 2500 sequencing; Single-end sequencing of Arabidopsis thaliana leaf before and during heat or cold or salt stress in four mediator mutants and WT plants	Specific functions for Mediator complex subunits from different modules in the transcriptional response of Arabidopsis thaliana to abiotic stress	Illumina HiSeq 2500 sequencing; Single-end sequencing of Arabidopsis thaliana leaf before and during heat or cold or salt stress in four mediator mutants and WT plants	WT_CS72_B	0c590bfa4a391f5f66be3d2f4b046e25	410771637	ftp.sra.ebi.ac.uk/vol1/fastq/ERR341/005/ERR3414755/ERR3414755.fastq.gz	ftp.sra.ebi.ac.uk/vol1/fastq/ERR341/005/ERR3414755/ERR3414755.fastq.gz	fasp.sra.ebi.ac.uk:/vol1/fastq/ERR341/005/ERR3414755/ERR3414755.fastq.gz
SAMEA5754924	ERR3414756	ERX3438321	SAMEA5754924	ERS3558380	PRJEB33339	ERP116123		ERA2029351	UPSC-0153-R0162	UPSC-0153-E0081	UPSC-0153-S0081	UPSC-0153	SINGLE	RANDOM	TRANSCRIPTOMIC	RNA-Seq	P6960_222	Illumina HiSeq 2500	ILLUMINA	659945661.0	12940111.0	3702	Arabidopsis thaliana	P6960_222	Illumina HiSeq 2500 sequencing; Single-end sequencing of Arabidopsis thaliana leaf before and during heat or cold or salt stress in four mediator mutants and WT plants	Specific functions for Mediator complex subunits from different modules in the transcriptional response of Arabidopsis thaliana to abiotic stress	Illumina HiSeq 2500 sequencing; Single-end sequencing of Arabidopsis thaliana leaf before and during heat or cold or salt stress in four mediator mutants and WT plants	WT_CS72_B	a72900317f88c09a7fa05c77d708d807	410031118	ftp.sra.ebi.ac.uk/vol1/fastq/ERR341/006/ERR3414756/ERR3414756.fastq.gz	ftp.sra.ebi.ac.uk/vol1/fastq/ERR341/006/ERR3414756/ERR3414756.fastq.gz	fasp.sra.ebi.ac.uk:/vol1/fastq/ERR341/006/ERR3414756/ERR3414756.fastq.gz
SAMEA5754925	ERR3414757	ERX3438322	SAMEA5754925	ERS3558381	PRJEB33339	ERP116123		ERA2029351	UPSC-0153-R0163	UPSC-0153-E0082	UPSC-0153-S0082	UPSC-0153	SINGLE	RANDOM	TRANSCRIPTOMIC	RNA-Seq	P6960_223	Illumina HiSeq 2500	ILLUMINA	633133482.0	12414382.0	3702	Arabidopsis thaliana	P6960_223	Illumina HiSeq 2500 sequencing; Single-end sequencing of Arabidopsis thaliana leaf before and during heat or cold or salt stress in four mediator mutants and WT plants	Specific functions for Mediator complex subunits from different modules in the transcriptional response of Arabidopsis thaliana to abiotic stress	Illumina HiSeq 2500 sequencing; Single-end sequencing of Arabidopsis thaliana leaf before and during heat or cold or salt stress in four mediator mutants and WT plants	WT_CS72_C	f466b15816095790d5dcf3c359c604e8	387433659	ftp.sra.ebi.ac.uk/vol1/fastq/ERR341/007/ERR3414757/ERR3414757.fastq.gz	ftp.sra.ebi.ac.uk/vol1/fastq/ERR341/007/ERR3414757/ERR3414757.fastq.gz	fasp.sra.ebi.ac.uk:/vol1/fastq/ERR341/007/ERR3414757/ERR3414757.fastq.gz
SAMEA5754925	ERR3414758	ERX3438322	SAMEA5754925	ERS3558381	PRJEB33339	ERP116123		ERA2029351	UPSC-0153-R0164	UPSC-0153-E0082	UPSC-0153-S0082	UPSC-0153	SINGLE	RANDOM	TRANSCRIPTOMIC	RNA-Seq	P6960_223	Illumina HiSeq 2500	ILLUMINA	635138649.0	12453699.0	3702	Arabidopsis thaliana	P6960_223	Illumina HiSeq 2500 sequencing; Single-end sequencing of Arabidopsis thaliana leaf before and during heat or cold or salt stress in four mediator mutants and WT plants	Specific functions for Mediator complex subunits from different modules in the transcriptional response of Arabidopsis thaliana to abiotic stress	Illumina HiSeq 2500 sequencing; Single-end sequencing of Arabidopsis thaliana leaf before and during heat or cold or salt stress in four mediator mutants and WT plants	WT_CS72_C	b5715ef2be39c35837bcc2f60fe4d198	386395813	ftp.sra.ebi.ac.uk/vol1/fastq/ERR341/008/ERR3414758/ERR3414758.fastq.gz	ftp.sra.ebi.ac.uk/vol1/fastq/ERR341/008/ERR3414758/ERR3414758.fastq.gz	fasp.sra.ebi.ac.uk:/vol1/fastq/ERR341/008/ERR3414758/ERR3414758.fastq.gz
SAMEA5754926	ERR3414759	ERX3438323	SAMEA5754926	ERS3558382	PRJEB33339	ERP116123		ERA2029351	UPSC-0153-R0165	UPSC-0153-E0083	UPSC-0153-S0083	UPSC-0153	SINGLE	RANDOM	TRANSCRIPTOMIC	RNA-Seq	P6960_224	Illumina HiSeq 2500	ILLUMINA	604390392.0	11850792.0	3702	Arabidopsis thaliana	P6960_224	Illumina HiSeq 2500 sequencing; Single-end sequencing of Arabidopsis thaliana leaf before and during heat or cold or salt stress in four mediator mutants and WT plants	Specific functions for Mediator complex subunits from different modules in the transcriptional response of Arabidopsis thaliana to abiotic stress	Illumina HiSeq 2500 sequencing; Single-end sequencing of Arabidopsis thaliana leaf before and during heat or cold or salt stress in four mediator mutants and WT plants	WT_CS72_D	f740e3923e863bbfb41f069e48de2fef	379750546	ftp.sra.ebi.ac.uk/vol1/fastq/ERR341/009/ERR3414759/ERR3414759.fastq.gz	ftp.sra.ebi.ac.uk/vol1/fastq/ERR341/009/ERR3414759/ERR3414759.fastq.gz	fasp.sra.ebi.ac.uk:/vol1/fastq/ERR341/009/ERR3414759/ERR3414759.fastq.gz
SAMEA5754926	ERR3414760	ERX3438323	SAMEA5754926	ERS3558382	PRJEB33339	ERP116123		ERA2029351	UPSC-0153-R0166	UPSC-0153-E0083	UPSC-0153-S0083	UPSC-0153	SINGLE	RANDOM	TRANSCRIPTOMIC	RNA-Seq	P6960_224	Illumina HiSeq 2500	ILLUMINA	606119955.0	11884705.0	3702	Arabidopsis thaliana	P6960_224	Illumina HiSeq 2500 sequencing; Single-end sequencing of Arabidopsis thaliana leaf before and during heat or cold or salt stress in four mediator mutants and WT plants	Specific functions for Mediator complex subunits from different modules in the transcriptional response of Arabidopsis thaliana to abiotic stress	Illumina HiSeq 2500 sequencing; Single-end sequencing of Arabidopsis thaliana leaf before and during heat or cold or salt stress in four mediator mutants and WT plants	WT_CS72_D	ceace210f0a1262ee4f727eebcc7687e	378631728	ftp.sra.ebi.ac.uk/vol1/fastq/ERR341/000/ERR3414760/ERR3414760.fastq.gz	ftp.sra.ebi.ac.uk/vol1/fastq/ERR341/000/ERR3414760/ERR3414760.fastq.gz	fasp.sra.ebi.ac.uk:/vol1/fastq/ERR341/000/ERR3414760/ERR3414760.fastq.gz
SAMEA5754927	ERR3414761	ERX3438324	SAMEA5754927	ERS3558383	PRJEB33339	ERP116123		ERA2029351	UPSC-0153-R0167	UPSC-0153-E0084	UPSC-0153-S0084	UPSC-0153	SINGLE	RANDOM	TRANSCRIPTOMIC	RNA-Seq	P6960_225	Illumina HiSeq 2500	ILLUMINA	617696853.0	12111703.0	3702	Arabidopsis thaliana	P6960_225	Illumina HiSeq 2500 sequencing; Single-end sequencing of Arabidopsis thaliana leaf before and during heat or cold or salt stress in four mediator mutants and WT plants	Specific functions for Mediator complex subunits from different modules in the transcriptional response of Arabidopsis thaliana to abiotic stress	Illumina HiSeq 2500 sequencing; Single-end sequencing of Arabidopsis thaliana leaf before and during heat or cold or salt stress in four mediator mutants and WT plants	med9_CS72_A	31f63321f8c1c1c9972950b85e917da0	388153885	ftp.sra.ebi.ac.uk/vol1/fastq/ERR341/001/ERR3414761/ERR3414761.fastq.gz	ftp.sra.ebi.ac.uk/vol1/fastq/ERR341/001/ERR3414761/ERR3414761.fastq.gz	fasp.sra.ebi.ac.uk:/vol1/fastq/ERR341/001/ERR3414761/ERR3414761.fastq.gz
SAMEA5754927	ERR3414762	ERX3438324	SAMEA5754927	ERS3558383	PRJEB33339	ERP116123		ERA2029351	UPSC-0153-R0168	UPSC-0153-E0084	UPSC-0153-S0084	UPSC-0153	SINGLE	RANDOM	TRANSCRIPTOMIC	RNA-Seq	P6960_225	Illumina HiSeq 2500	ILLUMINA	618343176.0	12124376.0	3702	Arabidopsis thaliana	P6960_225	Illumina HiSeq 2500 sequencing; Single-end sequencing of Arabidopsis thaliana leaf before and during heat or cold or salt stress in four mediator mutants and WT plants	Specific functions for Mediator complex subunits from different modules in the transcriptional response of Arabidopsis thaliana to abiotic stress	Illumina HiSeq 2500 sequencing; Single-end sequencing of Arabidopsis thaliana leaf before and during heat or cold or salt stress in four mediator mutants and WT plants	med9_CS72_A	b36d2d52c684e48839fc016c865419c6	386584540	ftp.sra.ebi.ac.uk/vol1/fastq/ERR341/002/ERR3414762/ERR3414762.fastq.gz	ftp.sra.ebi.ac.uk/vol1/fastq/ERR341/002/ERR3414762/ERR3414762.fastq.gz	fasp.sra.ebi.ac.uk:/vol1/fastq/ERR341/002/ERR3414762/ERR3414762.fastq.gz
SAMEA5754928	ERR3414763	ERX3438325	SAMEA5754928	ERS3558384	PRJEB33339	ERP116123		ERA2029351	UPSC-0153-R0169	UPSC-0153-E0085	UPSC-0153-S0085	UPSC-0153	SINGLE	RANDOM	TRANSCRIPTOMIC	RNA-Seq	P6960_226	Illumina HiSeq 2500	ILLUMINA	761548422.0	14932322.0	3702	Arabidopsis thaliana	P6960_226	Illumina HiSeq 2500 sequencing; Single-end sequencing of Arabidopsis thaliana leaf before and during heat or cold or salt stress in four mediator mutants and WT plants	Specific functions for Mediator complex subunits from different modules in the transcriptional response of Arabidopsis thaliana to abiotic stress	Illumina HiSeq 2500 sequencing; Single-end sequencing of Arabidopsis thaliana leaf before and during heat or cold or salt stress in four mediator mutants and WT plants	med9_CS72_B	bfbf8aa908beff94b8bf30dcd542c70c	475434978	ftp.sra.ebi.ac.uk/vol1/fastq/ERR341/003/ERR3414763/ERR3414763.fastq.gz	ftp.sra.ebi.ac.uk/vol1/fastq/ERR341/003/ERR3414763/ERR3414763.fastq.gz	fasp.sra.ebi.ac.uk:/vol1/fastq/ERR341/003/ERR3414763/ERR3414763.fastq.gz
SAMEA5754928	ERR3414764	ERX3438325	SAMEA5754928	ERS3558384	PRJEB33339	ERP116123		ERA2029351	UPSC-0153-R0170	UPSC-0153-E0085	UPSC-0153-S0085	UPSC-0153	SINGLE	RANDOM	TRANSCRIPTOMIC	RNA-Seq	P6960_226	Illumina HiSeq 2500	ILLUMINA	763127586.0	14963286.0	3702	Arabidopsis thaliana	P6960_226	Illumina HiSeq 2500 sequencing; Single-end sequencing of Arabidopsis thaliana leaf before and during heat or cold or salt stress in four mediator mutants and WT plants	Specific functions for Mediator complex subunits from different modules in the transcriptional response of Arabidopsis thaliana to abiotic stress	Illumina HiSeq 2500 sequencing; Single-end sequencing of Arabidopsis thaliana leaf before and during heat or cold or salt stress in four mediator mutants and WT plants	med9_CS72_B	5d89b7b5ef6fddc07bb776262b36c334	473451729	ftp.sra.ebi.ac.uk/vol1/fastq/ERR341/004/ERR3414764/ERR3414764.fastq.gz	ftp.sra.ebi.ac.uk/vol1/fastq/ERR341/004/ERR3414764/ERR3414764.fastq.gz	fasp.sra.ebi.ac.uk:/vol1/fastq/ERR341/004/ERR3414764/ERR3414764.fastq.gz
SAMEA5754929	ERR3414765	ERX3438326	SAMEA5754929	ERS3558385	PRJEB33339	ERP116123		ERA2029351	UPSC-0153-R0171	UPSC-0153-E0086	UPSC-0153-S0086	UPSC-0153	SINGLE	RANDOM	TRANSCRIPTOMIC	RNA-Seq	P6960_227	Illumina HiSeq 2500	ILLUMINA	684442236.0	13420436.0	3702	Arabidopsis thaliana	P6960_227	Illumina HiSeq 2500 sequencing; Single-end sequencing of Arabidopsis thaliana leaf before and during heat or cold or salt stress in four mediator mutants and WT plants	Specific functions for Mediator complex subunits from different modules in the transcriptional response of Arabidopsis thaliana to abiotic stress	Illumina HiSeq 2500 sequencing; Single-end sequencing of Arabidopsis thaliana leaf before and during heat or cold or salt stress in four mediator mutants and WT plants	med9_CS72_C	c9f54e69f30ed9b78d63f6855aaf2c7b	415639689	ftp.sra.ebi.ac.uk/vol1/fastq/ERR341/005/ERR3414765/ERR3414765.fastq.gz	ftp.sra.ebi.ac.uk/vol1/fastq/ERR341/005/ERR3414765/ERR3414765.fastq.gz	fasp.sra.ebi.ac.uk:/vol1/fastq/ERR341/005/ERR3414765/ERR3414765.fastq.gz
SAMEA5754929	ERR3414766	ERX3438326	SAMEA5754929	ERS3558385	PRJEB33339	ERP116123		ERA2029351	UPSC-0153-R0172	UPSC-0153-E0086	UPSC-0153-S0086	UPSC-0153	SINGLE	RANDOM	TRANSCRIPTOMIC	RNA-Seq	P6960_227	Illumina HiSeq 2500	ILLUMINA	686152980.0	13453980.0	3702	Arabidopsis thaliana	P6960_227	Illumina HiSeq 2500 sequencing; Single-end sequencing of Arabidopsis thaliana leaf before and during heat or cold or salt stress in four mediator mutants and WT plants	Specific functions for Mediator complex subunits from different modules in the transcriptional response of Arabidopsis thaliana to abiotic stress	Illumina HiSeq 2500 sequencing; Single-end sequencing of Arabidopsis thaliana leaf before and during heat or cold or salt stress in four mediator mutants and WT plants	med9_CS72_C	686f3f31f23e2d89923bbe306cc75fba	413897601	ftp.sra.ebi.ac.uk/vol1/fastq/ERR341/006/ERR3414766/ERR3414766.fastq.gz	ftp.sra.ebi.ac.uk/vol1/fastq/ERR341/006/ERR3414766/ERR3414766.fastq.gz	fasp.sra.ebi.ac.uk:/vol1/fastq/ERR341/006/ERR3414766/ERR3414766.fastq.gz
SAMEA5754930	ERR3414767	ERX3438327	SAMEA5754930	ERS3558386	PRJEB33339	ERP116123		ERA2029351	UPSC-0153-R0173	UPSC-0153-E0087	UPSC-0153-S0087	UPSC-0153	SINGLE	RANDOM	TRANSCRIPTOMIC	RNA-Seq	P6960_228	Illumina HiSeq 2500	ILLUMINA	648228768.0	12710368.0	3702	Arabidopsis thaliana	P6960_228	Illumina HiSeq 2500 sequencing; Single-end sequencing of Arabidopsis thaliana leaf before and during heat or cold or salt stress in four mediator mutants and WT plants	Specific functions for Mediator complex subunits from different modules in the transcriptional response of Arabidopsis thaliana to abiotic stress	Illumina HiSeq 2500 sequencing; Single-end sequencing of Arabidopsis thaliana leaf before and during heat or cold or salt stress in four mediator mutants and WT plants	med9_CS72_D	37a05f2a2749812d10eaeda39ac21b5b	400811161	ftp.sra.ebi.ac.uk/vol1/fastq/ERR341/007/ERR3414767/ERR3414767.fastq.gz	ftp.sra.ebi.ac.uk/vol1/fastq/ERR341/007/ERR3414767/ERR3414767.fastq.gz	fasp.sra.ebi.ac.uk:/vol1/fastq/ERR341/007/ERR3414767/ERR3414767.fastq.gz
SAMEA5754930	ERR3414768	ERX3438327	SAMEA5754930	ERS3558386	PRJEB33339	ERP116123		ERA2029351	UPSC-0153-R0174	UPSC-0153-E0087	UPSC-0153-S0087	UPSC-0153	SINGLE	RANDOM	TRANSCRIPTOMIC	RNA-Seq	P6960_228	Illumina HiSeq 2500	ILLUMINA	649484745.0	12734995.0	3702	Arabidopsis thaliana	P6960_228	Illumina HiSeq 2500 sequencing; Single-end sequencing of Arabidopsis thaliana leaf before and during heat or cold or salt stress in four mediator mutants and WT plants	Specific functions for Mediator complex subunits from different modules in the transcriptional response of Arabidopsis thaliana to abiotic stress	Illumina HiSeq 2500 sequencing; Single-end sequencing of Arabidopsis thaliana leaf before and during heat or cold or salt stress in four mediator mutants and WT plants	med9_CS72_D	c4770d1e400f5028d0a26e723e087ef1	399426588	ftp.sra.ebi.ac.uk/vol1/fastq/ERR341/008/ERR3414768/ERR3414768.fastq.gz	ftp.sra.ebi.ac.uk/vol1/fastq/ERR341/008/ERR3414768/ERR3414768.fastq.gz	fasp.sra.ebi.ac.uk:/vol1/fastq/ERR341/008/ERR3414768/ERR3414768.fastq.gz
SAMEA5754931	ERR3414769	ERX3438328	SAMEA5754931	ERS3558387	PRJEB33339	ERP116123		ERA2029351	UPSC-0153-R0175	UPSC-0153-E0088	UPSC-0153-S0088	UPSC-0153	SINGLE	RANDOM	TRANSCRIPTOMIC	RNA-Seq	P6960_229	Illumina HiSeq 2500	ILLUMINA	696906279.0	13664829.0	3702	Arabidopsis thaliana	P6960_229	Illumina HiSeq 2500 sequencing; Single-end sequencing of Arabidopsis thaliana leaf before and during heat or cold or salt stress in four mediator mutants and WT plants	Specific functions for Mediator complex subunits from different modules in the transcriptional response of Arabidopsis thaliana to abiotic stress	Illumina HiSeq 2500 sequencing; Single-end sequencing of Arabidopsis thaliana leaf before and during heat or cold or salt stress in four mediator mutants and WT plants	med16_CS72_A	505bfea9dcd340eb235c567f34324f57	431176265	ftp.sra.ebi.ac.uk/vol1/fastq/ERR341/009/ERR3414769/ERR3414769.fastq.gz	ftp.sra.ebi.ac.uk/vol1/fastq/ERR341/009/ERR3414769/ERR3414769.fastq.gz	fasp.sra.ebi.ac.uk:/vol1/fastq/ERR341/009/ERR3414769/ERR3414769.fastq.gz
SAMEA5754931	ERR3414770	ERX3438328	SAMEA5754931	ERS3558387	PRJEB33339	ERP116123		ERA2029351	UPSC-0153-R0176	UPSC-0153-E0088	UPSC-0153-S0088	UPSC-0153	SINGLE	RANDOM	TRANSCRIPTOMIC	RNA-Seq	P6960_229	Illumina HiSeq 2500	ILLUMINA	698672664.0	13699464.0	3702	Arabidopsis thaliana	P6960_229	Illumina HiSeq 2500 sequencing; Single-end sequencing of Arabidopsis thaliana leaf before and during heat or cold or salt stress in four mediator mutants and WT plants	Specific functions for Mediator complex subunits from different modules in the transcriptional response of Arabidopsis thaliana to abiotic stress	Illumina HiSeq 2500 sequencing; Single-end sequencing of Arabidopsis thaliana leaf before and during heat or cold or salt stress in four mediator mutants and WT plants	med16_CS72_A	507a70904180d6e329d0320c4ee827e0	429710249	ftp.sra.ebi.ac.uk/vol1/fastq/ERR341/000/ERR3414770/ERR3414770.fastq.gz	ftp.sra.ebi.ac.uk/vol1/fastq/ERR341/000/ERR3414770/ERR3414770.fastq.gz	fasp.sra.ebi.ac.uk:/vol1/fastq/ERR341/000/ERR3414770/ERR3414770.fastq.gz
SAMEA5754932	ERR3414771	ERX3438329	SAMEA5754932	ERS3558388	PRJEB33339	ERP116123		ERA2029351	UPSC-0153-R0177	UPSC-0153-E0089	UPSC-0153-S0089	UPSC-0153	SINGLE	RANDOM	TRANSCRIPTOMIC	RNA-Seq	P6960_230	Illumina HiSeq 2500	ILLUMINA	705981678.0	13842778.0	3702	Arabidopsis thaliana	P6960_230	Illumina HiSeq 2500 sequencing; Single-end sequencing of Arabidopsis thaliana leaf before and during heat or cold or salt stress in four mediator mutants and WT plants	Specific functions for Mediator complex subunits from different modules in the transcriptional response of Arabidopsis thaliana to abiotic stress	Illumina HiSeq 2500 sequencing; Single-end sequencing of Arabidopsis thaliana leaf before and during heat or cold or salt stress in four mediator mutants and WT plants	med16_CS72_B	3fb63961f7b97146affc5200554585f7	443177488	ftp.sra.ebi.ac.uk/vol1/fastq/ERR341/001/ERR3414771/ERR3414771.fastq.gz	ftp.sra.ebi.ac.uk/vol1/fastq/ERR341/001/ERR3414771/ERR3414771.fastq.gz	fasp.sra.ebi.ac.uk:/vol1/fastq/ERR341/001/ERR3414771/ERR3414771.fastq.gz
SAMEA5754932	ERR3414772	ERX3438329	SAMEA5754932	ERS3558388	PRJEB33339	ERP116123		ERA2029351	UPSC-0153-R0178	UPSC-0153-E0089	UPSC-0153-S0089	UPSC-0153	SINGLE	RANDOM	TRANSCRIPTOMIC	RNA-Seq	P6960_230	Illumina HiSeq 2500	ILLUMINA	708955794.0	13901094.0	3702	Arabidopsis thaliana	P6960_230	Illumina HiSeq 2500 sequencing; Single-end sequencing of Arabidopsis thaliana leaf before and during heat or cold or salt stress in four mediator mutants and WT plants	Specific functions for Mediator complex subunits from different modules in the transcriptional response of Arabidopsis thaliana to abiotic stress	Illumina HiSeq 2500 sequencing; Single-end sequencing of Arabidopsis thaliana leaf before and during heat or cold or salt stress in four mediator mutants and WT plants	med16_CS72_B	c5124886c09f43f095b2003fbfc16cc4	442703110	ftp.sra.ebi.ac.uk/vol1/fastq/ERR341/002/ERR3414772/ERR3414772.fastq.gz	ftp.sra.ebi.ac.uk/vol1/fastq/ERR341/002/ERR3414772/ERR3414772.fastq.gz	fasp.sra.ebi.ac.uk:/vol1/fastq/ERR341/002/ERR3414772/ERR3414772.fastq.gz
SAMEA5754933	ERR3414773	ERX3438330	SAMEA5754933	ERS3558389	PRJEB33339	ERP116123		ERA2029351	UPSC-0153-R0179	UPSC-0153-E0090	UPSC-0153-S0090	UPSC-0153	SINGLE	RANDOM	TRANSCRIPTOMIC	RNA-Seq	P6960_231	Illumina HiSeq 2500	ILLUMINA	811772253.0	15917103.0	3702	Arabidopsis thaliana	P6960_231	Illumina HiSeq 2500 sequencing; Single-end sequencing of Arabidopsis thaliana leaf before and during heat or cold or salt stress in four mediator mutants and WT plants	Specific functions for Mediator complex subunits from different modules in the transcriptional response of Arabidopsis thaliana to abiotic stress	Illumina HiSeq 2500 sequencing; Single-end sequencing of Arabidopsis thaliana leaf before and during heat or cold or salt stress in four mediator mutants and WT plants	med16_CS72_C	331b3f5fdf604c0b2d3d18cc1e4c56ef	496601978	ftp.sra.ebi.ac.uk/vol1/fastq/ERR341/003/ERR3414773/ERR3414773.fastq.gz	ftp.sra.ebi.ac.uk/vol1/fastq/ERR341/003/ERR3414773/ERR3414773.fastq.gz	fasp.sra.ebi.ac.uk:/vol1/fastq/ERR341/003/ERR3414773/ERR3414773.fastq.gz
SAMEA5754933	ERR3414774	ERX3438330	SAMEA5754933	ERS3558389	PRJEB33339	ERP116123		ERA2029351	UPSC-0153-R0180	UPSC-0153-E0090	UPSC-0153-S0090	UPSC-0153	SINGLE	RANDOM	TRANSCRIPTOMIC	RNA-Seq	P6960_231	Illumina HiSeq 2500	ILLUMINA	814229076.0	15965276.0	3702	Arabidopsis thaliana	P6960_231	Illumina HiSeq 2500 sequencing; Single-end sequencing of Arabidopsis thaliana leaf before and during heat or cold or salt stress in four mediator mutants and WT plants	Specific functions for Mediator complex subunits from different modules in the transcriptional response of Arabidopsis thaliana to abiotic stress	Illumina HiSeq 2500 sequencing; Single-end sequencing of Arabidopsis thaliana leaf before and during heat or cold or salt stress in four mediator mutants and WT plants	med16_CS72_C	73deb46f678ac6caf6ed429c1f101ffb	495508856	ftp.sra.ebi.ac.uk/vol1/fastq/ERR341/004/ERR3414774/ERR3414774.fastq.gz	ftp.sra.ebi.ac.uk/vol1/fastq/ERR341/004/ERR3414774/ERR3414774.fastq.gz	fasp.sra.ebi.ac.uk:/vol1/fastq/ERR341/004/ERR3414774/ERR3414774.fastq.gz
SAMEA5754934	ERR3414775	ERX3438331	SAMEA5754934	ERS3558390	PRJEB33339	ERP116123		ERA2029351	UPSC-0153-R0181	UPSC-0153-E0091	UPSC-0153-S0091	UPSC-0153	SINGLE	RANDOM	TRANSCRIPTOMIC	RNA-Seq	P6960_232	Illumina HiSeq 2500	ILLUMINA	695391579.0	13635129.0	3702	Arabidopsis thaliana	P6960_232	Illumina HiSeq 2500 sequencing; Single-end sequencing of Arabidopsis thaliana leaf before and during heat or cold or salt stress in four mediator mutants and WT plants	Specific functions for Mediator complex subunits from different modules in the transcriptional response of Arabidopsis thaliana to abiotic stress	Illumina HiSeq 2500 sequencing; Single-end sequencing of Arabidopsis thaliana leaf before and during heat or cold or salt stress in four mediator mutants and WT plants	med16_CS72_D	c3a7412c4d40fc750b47131fff57ef9d	434145523	ftp.sra.ebi.ac.uk/vol1/fastq/ERR341/005/ERR3414775/ERR3414775.fastq.gz	ftp.sra.ebi.ac.uk/vol1/fastq/ERR341/005/ERR3414775/ERR3414775.fastq.gz	fasp.sra.ebi.ac.uk:/vol1/fastq/ERR341/005/ERR3414775/ERR3414775.fastq.gz
SAMEA5754934	ERR3414776	ERX3438331	SAMEA5754934	ERS3558390	PRJEB33339	ERP116123		ERA2029351	UPSC-0153-R0182	UPSC-0153-E0091	UPSC-0153-S0091	UPSC-0153	SINGLE	RANDOM	TRANSCRIPTOMIC	RNA-Seq	P6960_232	Illumina HiSeq 2500	ILLUMINA	697460700.0	13675700.0	3702	Arabidopsis thaliana	P6960_232	Illumina HiSeq 2500 sequencing; Single-end sequencing of Arabidopsis thaliana leaf before and during heat or cold or salt stress in four mediator mutants and WT plants	Specific functions for Mediator complex subunits from different modules in the transcriptional response of Arabidopsis thaliana to abiotic stress	Illumina HiSeq 2500 sequencing; Single-end sequencing of Arabidopsis thaliana leaf before and during heat or cold or salt stress in four mediator mutants and WT plants	med16_CS72_D	5f496060dcb54a5bee37154f469923c9	432909273	ftp.sra.ebi.ac.uk/vol1/fastq/ERR341/006/ERR3414776/ERR3414776.fastq.gz	ftp.sra.ebi.ac.uk/vol1/fastq/ERR341/006/ERR3414776/ERR3414776.fastq.gz	fasp.sra.ebi.ac.uk:/vol1/fastq/ERR341/006/ERR3414776/ERR3414776.fastq.gz
SAMEA5754935	ERR3414777	ERX3438332	SAMEA5754935	ERS3558391	PRJEB33339	ERP116123		ERA2029351	UPSC-0153-R0183	UPSC-0153-E0092	UPSC-0153-S0092	UPSC-0153	SINGLE	RANDOM	TRANSCRIPTOMIC	RNA-Seq	P6960_233	Illumina HiSeq 2500	ILLUMINA	636843222.0	12487122.0	3702	Arabidopsis thaliana	P6960_233	Illumina HiSeq 2500 sequencing; Single-end sequencing of Arabidopsis thaliana leaf before and during heat or cold or salt stress in four mediator mutants and WT plants	Specific functions for Mediator complex subunits from different modules in the transcriptional response of Arabidopsis thaliana to abiotic stress	Illumina HiSeq 2500 sequencing; Single-end sequencing of Arabidopsis thaliana leaf before and during heat or cold or salt stress in four mediator mutants and WT plants	med18_CS72_A	b1ce777b76a6e384ab4c4174273fbc16	393792044	ftp.sra.ebi.ac.uk/vol1/fastq/ERR341/007/ERR3414777/ERR3414777.fastq.gz	ftp.sra.ebi.ac.uk/vol1/fastq/ERR341/007/ERR3414777/ERR3414777.fastq.gz	fasp.sra.ebi.ac.uk:/vol1/fastq/ERR341/007/ERR3414777/ERR3414777.fastq.gz
SAMEA5754935	ERR3414778	ERX3438332	SAMEA5754935	ERS3558391	PRJEB33339	ERP116123		ERA2029351	UPSC-0153-R0184	UPSC-0153-E0092	UPSC-0153-S0092	UPSC-0153	SINGLE	RANDOM	TRANSCRIPTOMIC	RNA-Seq	P6960_233	Illumina HiSeq 2500	ILLUMINA	640673985.0	12562235.0	3702	Arabidopsis thaliana	P6960_233	Illumina HiSeq 2500 sequencing; Single-end sequencing of Arabidopsis thaliana leaf before and during heat or cold or salt stress in four mediator mutants and WT plants	Specific functions for Mediator complex subunits from different modules in the transcriptional response of Arabidopsis thaliana to abiotic stress	Illumina HiSeq 2500 sequencing; Single-end sequencing of Arabidopsis thaliana leaf before and during heat or cold or salt stress in four mediator mutants and WT plants	med18_CS72_A	e8c27407b9800c2fdf7f734dbedfdde8	393737699	ftp.sra.ebi.ac.uk/vol1/fastq/ERR341/008/ERR3414778/ERR3414778.fastq.gz	ftp.sra.ebi.ac.uk/vol1/fastq/ERR341/008/ERR3414778/ERR3414778.fastq.gz	fasp.sra.ebi.ac.uk:/vol1/fastq/ERR341/008/ERR3414778/ERR3414778.fastq.gz
SAMEA5754936	ERR3414779	ERX3438333	SAMEA5754936	ERS3558392	PRJEB33339	ERP116123		ERA2029351	UPSC-0153-R0185	UPSC-0153-E0093	UPSC-0153-S0093	UPSC-0153	SINGLE	RANDOM	TRANSCRIPTOMIC	RNA-Seq	P6960_234	Illumina HiSeq 2500	ILLUMINA	654190566.0	12827266.0	3702	Arabidopsis thaliana	P6960_234	Illumina HiSeq 2500 sequencing; Single-end sequencing of Arabidopsis thaliana leaf before and during heat or cold or salt stress in four mediator mutants and WT plants	Specific functions for Mediator complex subunits from different modules in the transcriptional response of Arabidopsis thaliana to abiotic stress	Illumina HiSeq 2500 sequencing; Single-end sequencing of Arabidopsis thaliana leaf before and during heat or cold or salt stress in four mediator mutants and WT plants	med18_CS72_B	f88dac56cf184f53ac7a56b6a6d958aa	399711399	ftp.sra.ebi.ac.uk/vol1/fastq/ERR341/009/ERR3414779/ERR3414779.fastq.gz	ftp.sra.ebi.ac.uk/vol1/fastq/ERR341/009/ERR3414779/ERR3414779.fastq.gz	fasp.sra.ebi.ac.uk:/vol1/fastq/ERR341/009/ERR3414779/ERR3414779.fastq.gz
SAMEA5754936	ERR3414780	ERX3438333	SAMEA5754936	ERS3558392	PRJEB33339	ERP116123		ERA2029351	UPSC-0153-R0186	UPSC-0153-E0093	UPSC-0153-S0093	UPSC-0153	SINGLE	RANDOM	TRANSCRIPTOMIC	RNA-Seq	P6960_234	Illumina HiSeq 2500	ILLUMINA	657666828.0	12895428.0	3702	Arabidopsis thaliana	P6960_234	Illumina HiSeq 2500 sequencing; Single-end sequencing of Arabidopsis thaliana leaf before and during heat or cold or salt stress in four mediator mutants and WT plants	Specific functions for Mediator complex subunits from different modules in the transcriptional response of Arabidopsis thaliana to abiotic stress	Illumina HiSeq 2500 sequencing; Single-end sequencing of Arabidopsis thaliana leaf before and during heat or cold or salt stress in four mediator mutants and WT plants	med18_CS72_B	66a7c46ef03e63e34328acc3beae5027	399415593	ftp.sra.ebi.ac.uk/vol1/fastq/ERR341/000/ERR3414780/ERR3414780.fastq.gz	ftp.sra.ebi.ac.uk/vol1/fastq/ERR341/000/ERR3414780/ERR3414780.fastq.gz	fasp.sra.ebi.ac.uk:/vol1/fastq/ERR341/000/ERR3414780/ERR3414780.fastq.gz
SAMEA5754937	ERR3414781	ERX3438334	SAMEA5754937	ERS3558393	PRJEB33339	ERP116123		ERA2029351	UPSC-0153-R0187	UPSC-0153-E0094	UPSC-0153-S0094	UPSC-0153	SINGLE	RANDOM	TRANSCRIPTOMIC	RNA-Seq	P6960_235	Illumina HiSeq 2500	ILLUMINA	685607229.0	13443279.0	3702	Arabidopsis thaliana	P6960_235	Illumina HiSeq 2500 sequencing; Single-end sequencing of Arabidopsis thaliana leaf before and during heat or cold or salt stress in four mediator mutants and WT plants	Specific functions for Mediator complex subunits from different modules in the transcriptional response of Arabidopsis thaliana to abiotic stress	Illumina HiSeq 2500 sequencing; Single-end sequencing of Arabidopsis thaliana leaf before and during heat or cold or salt stress in four mediator mutants and WT plants	med18_CS72_C	681a7cdaf2a0b8693da156d62122e5ab	421842093	ftp.sra.ebi.ac.uk/vol1/fastq/ERR341/001/ERR3414781/ERR3414781.fastq.gz	ftp.sra.ebi.ac.uk/vol1/fastq/ERR341/001/ERR3414781/ERR3414781.fastq.gz	fasp.sra.ebi.ac.uk:/vol1/fastq/ERR341/001/ERR3414781/ERR3414781.fastq.gz
SAMEA5754937	ERR3414782	ERX3438334	SAMEA5754937	ERS3558393	PRJEB33339	ERP116123		ERA2029351	UPSC-0153-R0188	UPSC-0153-E0094	UPSC-0153-S0094	UPSC-0153	SINGLE	RANDOM	TRANSCRIPTOMIC	RNA-Seq	P6960_235	Illumina HiSeq 2500	ILLUMINA	689167080.0	13513080.0	3702	Arabidopsis thaliana	P6960_235	Illumina HiSeq 2500 sequencing; Single-end sequencing of Arabidopsis thaliana leaf before and during heat or cold or salt stress in four mediator mutants and WT plants	Specific functions for Mediator complex subunits from different modules in the transcriptional response of Arabidopsis thaliana to abiotic stress	Illumina HiSeq 2500 sequencing; Single-end sequencing of Arabidopsis thaliana leaf before and during heat or cold or salt stress in four mediator mutants and WT plants	med18_CS72_C	2be402214e5b0ccee04a231ee6be33f4	421543975	ftp.sra.ebi.ac.uk/vol1/fastq/ERR341/002/ERR3414782/ERR3414782.fastq.gz	ftp.sra.ebi.ac.uk/vol1/fastq/ERR341/002/ERR3414782/ERR3414782.fastq.gz	fasp.sra.ebi.ac.uk:/vol1/fastq/ERR341/002/ERR3414782/ERR3414782.fastq.gz
SAMEA5754938	ERR3414783	ERX3438335	SAMEA5754938	ERS3558394	PRJEB33339	ERP116123		ERA2029351	UPSC-0153-R0189	UPSC-0153-E0095	UPSC-0153-S0095	UPSC-0153	SINGLE	RANDOM	TRANSCRIPTOMIC	RNA-Seq	P6960_236	Illumina HiSeq 2500	ILLUMINA	822621534.0	16129834.0	3702	Arabidopsis thaliana	P6960_236	Illumina HiSeq 2500 sequencing; Single-end sequencing of Arabidopsis thaliana leaf before and during heat or cold or salt stress in four mediator mutants and WT plants	Specific functions for Mediator complex subunits from different modules in the transcriptional response of Arabidopsis thaliana to abiotic stress	Illumina HiSeq 2500 sequencing; Single-end sequencing of Arabidopsis thaliana leaf before and during heat or cold or salt stress in four mediator mutants and WT plants	med18_CS72_D	8e8a3a72853fa077c2bc537848d3cbbb	504557610	ftp.sra.ebi.ac.uk/vol1/fastq/ERR341/003/ERR3414783/ERR3414783.fastq.gz	ftp.sra.ebi.ac.uk/vol1/fastq/ERR341/003/ERR3414783/ERR3414783.fastq.gz	fasp.sra.ebi.ac.uk:/vol1/fastq/ERR341/003/ERR3414783/ERR3414783.fastq.gz
SAMEA5754938	ERR3414784	ERX3438335	SAMEA5754938	ERS3558394	PRJEB33339	ERP116123		ERA2029351	UPSC-0153-R0190	UPSC-0153-E0095	UPSC-0153-S0095	UPSC-0153	SINGLE	RANDOM	TRANSCRIPTOMIC	RNA-Seq	P6960_236	Illumina HiSeq 2500	ILLUMINA	826749423.0	16210773.0	3702	Arabidopsis thaliana	P6960_236	Illumina HiSeq 2500 sequencing; Single-end sequencing of Arabidopsis thaliana leaf before and during heat or cold or salt stress in four mediator mutants and WT plants	Specific functions for Mediator complex subunits from different modules in the transcriptional response of Arabidopsis thaliana to abiotic stress	Illumina HiSeq 2500 sequencing; Single-end sequencing of Arabidopsis thaliana leaf before and during heat or cold or salt stress in four mediator mutants and WT plants	med18_CS72_D	8908cd67cb2bacee1511fede10d0bfbd	504080061	ftp.sra.ebi.ac.uk/vol1/fastq/ERR341/004/ERR3414784/ERR3414784.fastq.gz	ftp.sra.ebi.ac.uk/vol1/fastq/ERR341/004/ERR3414784/ERR3414784.fastq.gz	fasp.sra.ebi.ac.uk:/vol1/fastq/ERR341/004/ERR3414784/ERR3414784.fastq.gz
SAMEA5754939	ERR3414785	ERX3438336	SAMEA5754939	ERS3558395	PRJEB33339	ERP116123		ERA2029351	UPSC-0153-R0191	UPSC-0153-E0096	UPSC-0153-S0096	UPSC-0153	SINGLE	RANDOM	TRANSCRIPTOMIC	RNA-Seq	P6960_237	Illumina HiSeq 2500	ILLUMINA	602327034.0	11810334.0	3702	Arabidopsis thaliana	P6960_237	Illumina HiSeq 2500 sequencing; Single-end sequencing of Arabidopsis thaliana leaf before and during heat or cold or salt stress in four mediator mutants and WT plants	Specific functions for Mediator complex subunits from different modules in the transcriptional response of Arabidopsis thaliana to abiotic stress	Illumina HiSeq 2500 sequencing; Single-end sequencing of Arabidopsis thaliana leaf before and during heat or cold or salt stress in four mediator mutants and WT plants	cdk8_CS72_A	7b6eb4416011a8c8a372e499c51dd0c4	376416652	ftp.sra.ebi.ac.uk/vol1/fastq/ERR341/005/ERR3414785/ERR3414785.fastq.gz	ftp.sra.ebi.ac.uk/vol1/fastq/ERR341/005/ERR3414785/ERR3414785.fastq.gz	fasp.sra.ebi.ac.uk:/vol1/fastq/ERR341/005/ERR3414785/ERR3414785.fastq.gz
SAMEA5754939	ERR3414786	ERX3438336	SAMEA5754939	ERS3558395	PRJEB33339	ERP116123		ERA2029351	UPSC-0153-R0192	UPSC-0153-E0096	UPSC-0153-S0096	UPSC-0153	SINGLE	RANDOM	TRANSCRIPTOMIC	RNA-Seq	P6960_237	Illumina HiSeq 2500	ILLUMINA	603084945.0	11825195.0	3702	Arabidopsis thaliana	P6960_237	Illumina HiSeq 2500 sequencing; Single-end sequencing of Arabidopsis thaliana leaf before and during heat or cold or salt stress in four mediator mutants and WT plants	Specific functions for Mediator complex subunits from different modules in the transcriptional response of Arabidopsis thaliana to abiotic stress	Illumina HiSeq 2500 sequencing; Single-end sequencing of Arabidopsis thaliana leaf before and during heat or cold or salt stress in four mediator mutants and WT plants	cdk8_CS72_A	b4cd519d078d9649d0377266605ced8d	374916428	ftp.sra.ebi.ac.uk/vol1/fastq/ERR341/006/ERR3414786/ERR3414786.fastq.gz	ftp.sra.ebi.ac.uk/vol1/fastq/ERR341/006/ERR3414786/ERR3414786.fastq.gz	fasp.sra.ebi.ac.uk:/vol1/fastq/ERR341/006/ERR3414786/ERR3414786.fastq.gz
SAMEA5754940	ERR3414787	ERX3438337	SAMEA5754940	ERS3558396	PRJEB33339	ERP116123		ERA2029351	UPSC-0153-R0193	UPSC-0153-E0097	UPSC-0153-S0097	UPSC-0153	SINGLE	RANDOM	TRANSCRIPTOMIC	RNA-Seq	P6960_238	Illumina HiSeq 2500	ILLUMINA	678372777.0	13301427.0	3702	Arabidopsis thaliana	P6960_238	Illumina HiSeq 2500 sequencing; Single-end sequencing of Arabidopsis thaliana leaf before and during heat or cold or salt stress in four mediator mutants and WT plants	Specific functions for Mediator complex subunits from different modules in the transcriptional response of Arabidopsis thaliana to abiotic stress	Illumina HiSeq 2500 sequencing; Single-end sequencing of Arabidopsis thaliana leaf before and during heat or cold or salt stress in four mediator mutants and WT plants	cdk8_CS72_B	1b1ae92b9399c31a079dfc3621346bf3	421986938	ftp.sra.ebi.ac.uk/vol1/fastq/ERR341/007/ERR3414787/ERR3414787.fastq.gz	ftp.sra.ebi.ac.uk/vol1/fastq/ERR341/007/ERR3414787/ERR3414787.fastq.gz	fasp.sra.ebi.ac.uk:/vol1/fastq/ERR341/007/ERR3414787/ERR3414787.fastq.gz
SAMEA5754940	ERR3414788	ERX3438337	SAMEA5754940	ERS3558396	PRJEB33339	ERP116123		ERA2029351	UPSC-0153-R0194	UPSC-0153-E0097	UPSC-0153-S0097	UPSC-0153	SINGLE	RANDOM	TRANSCRIPTOMIC	RNA-Seq	P6960_238	Illumina HiSeq 2500	ILLUMINA	679843158.0	13330258.0	3702	Arabidopsis thaliana	P6960_238	Illumina HiSeq 2500 sequencing; Single-end sequencing of Arabidopsis thaliana leaf before and during heat or cold or salt stress in four mediator mutants and WT plants	Specific functions for Mediator complex subunits from different modules in the transcriptional response of Arabidopsis thaliana to abiotic stress	Illumina HiSeq 2500 sequencing; Single-end sequencing of Arabidopsis thaliana leaf before and during heat or cold or salt stress in four mediator mutants and WT plants	cdk8_CS72_B	7e7980c666e9ea2a365c5930ed4c0d38	420541726	ftp.sra.ebi.ac.uk/vol1/fastq/ERR341/008/ERR3414788/ERR3414788.fastq.gz	ftp.sra.ebi.ac.uk/vol1/fastq/ERR341/008/ERR3414788/ERR3414788.fastq.gz	fasp.sra.ebi.ac.uk:/vol1/fastq/ERR341/008/ERR3414788/ERR3414788.fastq.gz
SAMEA5754941	ERR3414789	ERX3438338	SAMEA5754941	ERS3558397	PRJEB33339	ERP116123		ERA2029351	UPSC-0153-R0195	UPSC-0153-E0098	UPSC-0153-S0098	UPSC-0153	SINGLE	RANDOM	TRANSCRIPTOMIC	RNA-Seq	P6960_239	Illumina HiSeq 2500	ILLUMINA	637140144.0	12492944.0	3702	Arabidopsis thaliana	P6960_239	Illumina HiSeq 2500 sequencing; Single-end sequencing of Arabidopsis thaliana leaf before and during heat or cold or salt stress in four mediator mutants and WT plants	Specific functions for Mediator complex subunits from different modules in the transcriptional response of Arabidopsis thaliana to abiotic stress	Illumina HiSeq 2500 sequencing; Single-end sequencing of Arabidopsis thaliana leaf before and during heat or cold or salt stress in four mediator mutants and WT plants	cdk8_CS72_C	1a59dccacc659a88ffa62375ac10b994	400893529	ftp.sra.ebi.ac.uk/vol1/fastq/ERR341/009/ERR3414789/ERR3414789.fastq.gz	ftp.sra.ebi.ac.uk/vol1/fastq/ERR341/009/ERR3414789/ERR3414789.fastq.gz	fasp.sra.ebi.ac.uk:/vol1/fastq/ERR341/009/ERR3414789/ERR3414789.fastq.gz
SAMEA5754941	ERR3414790	ERX3438338	SAMEA5754941	ERS3558397	PRJEB33339	ERP116123		ERA2029351	UPSC-0153-R0196	UPSC-0153-E0098	UPSC-0153-S0098	UPSC-0153	SINGLE	RANDOM	TRANSCRIPTOMIC	RNA-Seq	P6960_239	Illumina HiSeq 2500	ILLUMINA	638701866.0	12523566.0	3702	Arabidopsis thaliana	P6960_239	Illumina HiSeq 2500 sequencing; Single-end sequencing of Arabidopsis thaliana leaf before and during heat or cold or salt stress in four mediator mutants and WT plants	Specific functions for Mediator complex subunits from different modules in the transcriptional response of Arabidopsis thaliana to abiotic stress	Illumina HiSeq 2500 sequencing; Single-end sequencing of Arabidopsis thaliana leaf before and during heat or cold or salt stress in four mediator mutants and WT plants	cdk8_CS72_C	199cb9cca51d650974f42f8894fdd344	399600988	ftp.sra.ebi.ac.uk/vol1/fastq/ERR341/000/ERR3414790/ERR3414790.fastq.gz	ftp.sra.ebi.ac.uk/vol1/fastq/ERR341/000/ERR3414790/ERR3414790.fastq.gz	fasp.sra.ebi.ac.uk:/vol1/fastq/ERR341/000/ERR3414790/ERR3414790.fastq.gz
SAMEA5754942	ERR3414791	ERX3438339	SAMEA5754942	ERS3558398	PRJEB33339	ERP116123		ERA2029351	UPSC-0153-R0197	UPSC-0153-E0099	UPSC-0153-S0099	UPSC-0153	SINGLE	RANDOM	TRANSCRIPTOMIC	RNA-Seq	P6960_240	Illumina HiSeq 2500	ILLUMINA	651289176.0	12770376.0	3702	Arabidopsis thaliana	P6960_240	Illumina HiSeq 2500 sequencing; Single-end sequencing of Arabidopsis thaliana leaf before and during heat or cold or salt stress in four mediator mutants and WT plants	Specific functions for Mediator complex subunits from different modules in the transcriptional response of Arabidopsis thaliana to abiotic stress	Illumina HiSeq 2500 sequencing; Single-end sequencing of Arabidopsis thaliana leaf before and during heat or cold or salt stress in four mediator mutants and WT plants	cdk8_CS72_D	46d002a4ecb4ed8bb6b14c8e59b02193	398565732	ftp.sra.ebi.ac.uk/vol1/fastq/ERR341/001/ERR3414791/ERR3414791.fastq.gz	ftp.sra.ebi.ac.uk/vol1/fastq/ERR341/001/ERR3414791/ERR3414791.fastq.gz	fasp.sra.ebi.ac.uk:/vol1/fastq/ERR341/001/ERR3414791/ERR3414791.fastq.gz
SAMEA5754942	ERR3414792	ERX3438339	SAMEA5754942	ERS3558398	PRJEB33339	ERP116123		ERA2029351	UPSC-0153-R0198	UPSC-0153-E0099	UPSC-0153-S0099	UPSC-0153	SINGLE	RANDOM	TRANSCRIPTOMIC	RNA-Seq	P6960_240	Illumina HiSeq 2500	ILLUMINA	653472435.0	12813185.0	3702	Arabidopsis thaliana	P6960_240	Illumina HiSeq 2500 sequencing; Single-end sequencing of Arabidopsis thaliana leaf before and during heat or cold or salt stress in four mediator mutants and WT plants	Specific functions for Mediator complex subunits from different modules in the transcriptional response of Arabidopsis thaliana to abiotic stress	Illumina HiSeq 2500 sequencing; Single-end sequencing of Arabidopsis thaliana leaf before and during heat or cold or salt stress in four mediator mutants and WT plants	cdk8_CS72_D	7171eb943b6728c16a1213dcca1b51bb	397527475	ftp.sra.ebi.ac.uk/vol1/fastq/ERR341/002/ERR3414792/ERR3414792.fastq.gz	ftp.sra.ebi.ac.uk/vol1/fastq/ERR341/002/ERR3414792/ERR3414792.fastq.gz	fasp.sra.ebi.ac.uk:/vol1/fastq/ERR341/002/ERR3414792/ERR3414792.fastq.gz
SAMEA5754943	ERR3414793	ERX3438340	SAMEA5754943	ERS3558399	PRJEB33339	ERP116123		ERA2029351	UPSC-0153-R0199	UPSC-0153-E0100	UPSC-0153-S0100	UPSC-0153	SINGLE	RANDOM	TRANSCRIPTOMIC	RNA-Seq	P6960_241	Illumina HiSeq 2500	ILLUMINA	647564136.0	12697336.0	3702	Arabidopsis thaliana	P6960_241	Illumina HiSeq 2500 sequencing; Single-end sequencing of Arabidopsis thaliana leaf before and during heat or cold or salt stress in four mediator mutants and WT plants	Specific functions for Mediator complex subunits from different modules in the transcriptional response of Arabidopsis thaliana to abiotic stress	Illumina HiSeq 2500 sequencing; Single-end sequencing of Arabidopsis thaliana leaf before and during heat or cold or salt stress in four mediator mutants and WT plants	med16_CON_C	0943f9325aa79009f0fb5e1f68bfd6f1	394621513	ftp.sra.ebi.ac.uk/vol1/fastq/ERR341/003/ERR3414793/ERR3414793.fastq.gz	ftp.sra.ebi.ac.uk/vol1/fastq/ERR341/003/ERR3414793/ERR3414793.fastq.gz	fasp.sra.ebi.ac.uk:/vol1/fastq/ERR341/003/ERR3414793/ERR3414793.fastq.gz
SAMEA5754943	ERR3414794	ERX3438340	SAMEA5754943	ERS3558399	PRJEB33339	ERP116123		ERA2029351	UPSC-0153-R0200	UPSC-0153-E0100	UPSC-0153-S0100	UPSC-0153	SINGLE	RANDOM	TRANSCRIPTOMIC	RNA-Seq	P6960_241	Illumina HiSeq 2500	ILLUMINA	649382796.0	12732996.0	3702	Arabidopsis thaliana	P6960_241	Illumina HiSeq 2500 sequencing; Single-end sequencing of Arabidopsis thaliana leaf before and during heat or cold or salt stress in four mediator mutants and WT plants	Specific functions for Mediator complex subunits from different modules in the transcriptional response of Arabidopsis thaliana to abiotic stress	Illumina HiSeq 2500 sequencing; Single-end sequencing of Arabidopsis thaliana leaf before and during heat or cold or salt stress in four mediator mutants and WT plants	med16_CON_C	caa0bcb8a303fb416db0372dbd7205b4	393458495	ftp.sra.ebi.ac.uk/vol1/fastq/ERR341/004/ERR3414794/ERR3414794.fastq.gz	ftp.sra.ebi.ac.uk/vol1/fastq/ERR341/004/ERR3414794/ERR3414794.fastq.gz	fasp.sra.ebi.ac.uk:/vol1/fastq/ERR341/004/ERR3414794/ERR3414794.fastq.gz
SAMEA5754944	ERR3414795	ERX3438341	SAMEA5754944	ERS3558400	PRJEB33339	ERP116123		ERA2029351	UPSC-0153-R0201	UPSC-0153-E0101	UPSC-0153-S0101	UPSC-0153	SINGLE	RANDOM	TRANSCRIPTOMIC	RNA-Seq	P6960_301	Illumina HiSeq 2500	ILLUMINA	607875477.0	11919127.0	3702	Arabidopsis thaliana	P6960_301	Illumina HiSeq 2500 sequencing; Single-end sequencing of Arabidopsis thaliana leaf before and during heat or cold or salt stress in four mediator mutants and WT plants	Specific functions for Mediator complex subunits from different modules in the transcriptional response of Arabidopsis thaliana to abiotic stress	Illumina HiSeq 2500 sequencing; Single-end sequencing of Arabidopsis thaliana leaf before and during heat or cold or salt stress in four mediator mutants and WT plants	_WT_CON_SS_A	a8fd9e4bc295991ae36b8f2d53dc732c	375462196	ftp.sra.ebi.ac.uk/vol1/fastq/ERR341/005/ERR3414795/ERR3414795.fastq.gz	ftp.sra.ebi.ac.uk/vol1/fastq/ERR341/005/ERR3414795/ERR3414795.fastq.gz	fasp.sra.ebi.ac.uk:/vol1/fastq/ERR341/005/ERR3414795/ERR3414795.fastq.gz
SAMEA5754944	ERR3414796	ERX3438341	SAMEA5754944	ERS3558400	PRJEB33339	ERP116123		ERA2029351	UPSC-0153-R0202	UPSC-0153-E0101	UPSC-0153-S0101	UPSC-0153	SINGLE	RANDOM	TRANSCRIPTOMIC	RNA-Seq	P6960_301	Illumina HiSeq 2500	ILLUMINA	611249025.0	11985275.0	3702	Arabidopsis thaliana	P6960_301	Illumina HiSeq 2500 sequencing; Single-end sequencing of Arabidopsis thaliana leaf before and during heat or cold or salt stress in four mediator mutants and WT plants	Specific functions for Mediator complex subunits from different modules in the transcriptional response of Arabidopsis thaliana to abiotic stress	Illumina HiSeq 2500 sequencing; Single-end sequencing of Arabidopsis thaliana leaf before and during heat or cold or salt stress in four mediator mutants and WT plants	_WT_CON_SS_A	862d378ad308352340b0af0ec403df9e	377344887	ftp.sra.ebi.ac.uk/vol1/fastq/ERR341/006/ERR3414796/ERR3414796.fastq.gz	ftp.sra.ebi.ac.uk/vol1/fastq/ERR341/006/ERR3414796/ERR3414796.fastq.gz	fasp.sra.ebi.ac.uk:/vol1/fastq/ERR341/006/ERR3414796/ERR3414796.fastq.gz
SAMEA5754945	ERR3414797	ERX3438342	SAMEA5754945	ERS3558401	PRJEB33339	ERP116123		ERA2029351	UPSC-0153-R0203	UPSC-0153-E0102	UPSC-0153-S0102	UPSC-0153	SINGLE	RANDOM	TRANSCRIPTOMIC	RNA-Seq	P6960_302	Illumina HiSeq 2500	ILLUMINA	641064186.0	12569886.0	3702	Arabidopsis thaliana	P6960_302	Illumina HiSeq 2500 sequencing; Single-end sequencing of Arabidopsis thaliana leaf before and during heat or cold or salt stress in four mediator mutants and WT plants	Specific functions for Mediator complex subunits from different modules in the transcriptional response of Arabidopsis thaliana to abiotic stress	Illumina HiSeq 2500 sequencing; Single-end sequencing of Arabidopsis thaliana leaf before and during heat or cold or salt stress in four mediator mutants and WT plants	_WT_CON_SS_B	63d1a7c90057290f82a5bb6d851d33f9	389039131	ftp.sra.ebi.ac.uk/vol1/fastq/ERR341/007/ERR3414797/ERR3414797.fastq.gz	ftp.sra.ebi.ac.uk/vol1/fastq/ERR341/007/ERR3414797/ERR3414797.fastq.gz	fasp.sra.ebi.ac.uk:/vol1/fastq/ERR341/007/ERR3414797/ERR3414797.fastq.gz
SAMEA5754945	ERR3414798	ERX3438342	SAMEA5754945	ERS3558401	PRJEB33339	ERP116123		ERA2029351	UPSC-0153-R0204	UPSC-0153-E0102	UPSC-0153-S0102	UPSC-0153	SINGLE	RANDOM	TRANSCRIPTOMIC	RNA-Seq	P6960_302	Illumina HiSeq 2500	ILLUMINA	645948201.0	12665651.0	3702	Arabidopsis thaliana	P6960_302	Illumina HiSeq 2500 sequencing; Single-end sequencing of Arabidopsis thaliana leaf before and during heat or cold or salt stress in four mediator mutants and WT plants	Specific functions for Mediator complex subunits from different modules in the transcriptional response of Arabidopsis thaliana to abiotic stress	Illumina HiSeq 2500 sequencing; Single-end sequencing of Arabidopsis thaliana leaf before and during heat or cold or salt stress in four mediator mutants and WT plants	_WT_CON_SS_B	20bc8e061deed84b48b622ad1476000d	391970294	ftp.sra.ebi.ac.uk/vol1/fastq/ERR341/008/ERR3414798/ERR3414798.fastq.gz	ftp.sra.ebi.ac.uk/vol1/fastq/ERR341/008/ERR3414798/ERR3414798.fastq.gz	fasp.sra.ebi.ac.uk:/vol1/fastq/ERR341/008/ERR3414798/ERR3414798.fastq.gz
SAMEA5754946	ERR3414799	ERX3438343	SAMEA5754946	ERS3558402	PRJEB33339	ERP116123		ERA2029351	UPSC-0153-R0205	UPSC-0153-E0103	UPSC-0153-S0103	UPSC-0153	SINGLE	RANDOM	TRANSCRIPTOMIC	RNA-Seq	P6960_303	Illumina HiSeq 2500	ILLUMINA	626354664.0	12281464.0	3702	Arabidopsis thaliana	P6960_303	Illumina HiSeq 2500 sequencing; Single-end sequencing of Arabidopsis thaliana leaf before and during heat or cold or salt stress in four mediator mutants and WT plants	Specific functions for Mediator complex subunits from different modules in the transcriptional response of Arabidopsis thaliana to abiotic stress	Illumina HiSeq 2500 sequencing; Single-end sequencing of Arabidopsis thaliana leaf before and during heat or cold or salt stress in four mediator mutants and WT plants	_WT_CON_SS_C	84eee6660290d664aefe0ed9f4ddbdc4	390563790	ftp.sra.ebi.ac.uk/vol1/fastq/ERR341/009/ERR3414799/ERR3414799.fastq.gz	ftp.sra.ebi.ac.uk/vol1/fastq/ERR341/009/ERR3414799/ERR3414799.fastq.gz	fasp.sra.ebi.ac.uk:/vol1/fastq/ERR341/009/ERR3414799/ERR3414799.fastq.gz
SAMEA5754946	ERR3414800	ERX3438343	SAMEA5754946	ERS3558402	PRJEB33339	ERP116123		ERA2029351	UPSC-0153-R0206	UPSC-0153-E0103	UPSC-0153-S0103	UPSC-0153	SINGLE	RANDOM	TRANSCRIPTOMIC	RNA-Seq	P6960_303	Illumina HiSeq 2500	ILLUMINA	627495177.0	12303827.0	3702	Arabidopsis thaliana	P6960_303	Illumina HiSeq 2500 sequencing; Single-end sequencing of Arabidopsis thaliana leaf before and during heat or cold or salt stress in four mediator mutants and WT plants	Specific functions for Mediator complex subunits from different modules in the transcriptional response of Arabidopsis thaliana to abiotic stress	Illumina HiSeq 2500 sequencing; Single-end sequencing of Arabidopsis thaliana leaf before and during heat or cold or salt stress in four mediator mutants and WT plants	_WT_CON_SS_C	aebf8b7f6a3d0708af1ee9696b8e85ed	390677168	ftp.sra.ebi.ac.uk/vol1/fastq/ERR341/000/ERR3414800/ERR3414800.fastq.gz	ftp.sra.ebi.ac.uk/vol1/fastq/ERR341/000/ERR3414800/ERR3414800.fastq.gz	fasp.sra.ebi.ac.uk:/vol1/fastq/ERR341/000/ERR3414800/ERR3414800.fastq.gz
SAMEA5754947	ERR3414801	ERX3438344	SAMEA5754947	ERS3558403	PRJEB33339	ERP116123		ERA2029351	UPSC-0153-R0207	UPSC-0153-E0104	UPSC-0153-S0104	UPSC-0153	SINGLE	RANDOM	TRANSCRIPTOMIC	RNA-Seq	P6960_304	Illumina HiSeq 2500	ILLUMINA	654718110.0	12837610.0	3702	Arabidopsis thaliana	P6960_304	Illumina HiSeq 2500 sequencing; Single-end sequencing of Arabidopsis thaliana leaf before and during heat or cold or salt stress in four mediator mutants and WT plants	Specific functions for Mediator complex subunits from different modules in the transcriptional response of Arabidopsis thaliana to abiotic stress	Illumina HiSeq 2500 sequencing; Single-end sequencing of Arabidopsis thaliana leaf before and during heat or cold or salt stress in four mediator mutants and WT plants	_WT_CON_SS_D	16d081068109b3b7e564f1fbb4b97148	407023900	ftp.sra.ebi.ac.uk/vol1/fastq/ERR341/001/ERR3414801/ERR3414801.fastq.gz	ftp.sra.ebi.ac.uk/vol1/fastq/ERR341/001/ERR3414801/ERR3414801.fastq.gz	fasp.sra.ebi.ac.uk:/vol1/fastq/ERR341/001/ERR3414801/ERR3414801.fastq.gz
SAMEA5754947	ERR3414802	ERX3438344	SAMEA5754947	ERS3558403	PRJEB33339	ERP116123		ERA2029351	UPSC-0153-R0208	UPSC-0153-E0104	UPSC-0153-S0104	UPSC-0153	SINGLE	RANDOM	TRANSCRIPTOMIC	RNA-Seq	P6960_304	Illumina HiSeq 2500	ILLUMINA	655654929.0	12855979.0	3702	Arabidopsis thaliana	P6960_304	Illumina HiSeq 2500 sequencing; Single-end sequencing of Arabidopsis thaliana leaf before and during heat or cold or salt stress in four mediator mutants and WT plants	Specific functions for Mediator complex subunits from different modules in the transcriptional response of Arabidopsis thaliana to abiotic stress	Illumina HiSeq 2500 sequencing; Single-end sequencing of Arabidopsis thaliana leaf before and during heat or cold or salt stress in four mediator mutants and WT plants	_WT_CON_SS_D	19c8d5a3114e23711956d369c5edf5c8	407194080	ftp.sra.ebi.ac.uk/vol1/fastq/ERR341/002/ERR3414802/ERR3414802.fastq.gz	ftp.sra.ebi.ac.uk/vol1/fastq/ERR341/002/ERR3414802/ERR3414802.fastq.gz	fasp.sra.ebi.ac.uk:/vol1/fastq/ERR341/002/ERR3414802/ERR3414802.fastq.gz
SAMEA5754948	ERR3414803	ERX3438345	SAMEA5754948	ERS3558404	PRJEB33339	ERP116123		ERA2029351	UPSC-0153-R0209	UPSC-0153-E0105	UPSC-0153-S0105	UPSC-0153	SINGLE	RANDOM	TRANSCRIPTOMIC	RNA-Seq	P6960_305	Illumina HiSeq 2500	ILLUMINA	633678111.0	12425061.0	3702	Arabidopsis thaliana	P6960_305	Illumina HiSeq 2500 sequencing; Single-end sequencing of Arabidopsis thaliana leaf before and during heat or cold or salt stress in four mediator mutants and WT plants	Specific functions for Mediator complex subunits from different modules in the transcriptional response of Arabidopsis thaliana to abiotic stress	Illumina HiSeq 2500 sequencing; Single-end sequencing of Arabidopsis thaliana leaf before and during heat or cold or salt stress in four mediator mutants and WT plants	med9_CON_SS_A	b039ff344d5a9302f1d5df1117f22151	404108931	ftp.sra.ebi.ac.uk/vol1/fastq/ERR341/003/ERR3414803/ERR3414803.fastq.gz	ftp.sra.ebi.ac.uk/vol1/fastq/ERR341/003/ERR3414803/ERR3414803.fastq.gz	fasp.sra.ebi.ac.uk:/vol1/fastq/ERR341/003/ERR3414803/ERR3414803.fastq.gz
SAMEA5754948	ERR3414804	ERX3438345	SAMEA5754948	ERS3558404	PRJEB33339	ERP116123		ERA2029351	UPSC-0153-R0210	UPSC-0153-E0105	UPSC-0153-S0105	UPSC-0153	SINGLE	RANDOM	TRANSCRIPTOMIC	RNA-Seq	P6960_305	Illumina HiSeq 2500	ILLUMINA	634014915.0	12431665.0	3702	Arabidopsis thaliana	P6960_305	Illumina HiSeq 2500 sequencing; Single-end sequencing of Arabidopsis thaliana leaf before and during heat or cold or salt stress in four mediator mutants and WT plants	Specific functions for Mediator complex subunits from different modules in the transcriptional response of Arabidopsis thaliana to abiotic stress	Illumina HiSeq 2500 sequencing; Single-end sequencing of Arabidopsis thaliana leaf before and during heat or cold or salt stress in four mediator mutants and WT plants	med9_CON_SS_A	e1b7129c4ca0e73f3bae345b3fa94816	403863716	ftp.sra.ebi.ac.uk/vol1/fastq/ERR341/004/ERR3414804/ERR3414804.fastq.gz	ftp.sra.ebi.ac.uk/vol1/fastq/ERR341/004/ERR3414804/ERR3414804.fastq.gz	fasp.sra.ebi.ac.uk:/vol1/fastq/ERR341/004/ERR3414804/ERR3414804.fastq.gz
SAMEA5754949	ERR3414805	ERX3438346	SAMEA5754949	ERS3558405	PRJEB33339	ERP116123		ERA2029351	UPSC-0153-R0211	UPSC-0153-E0106	UPSC-0153-S0106	UPSC-0153	SINGLE	RANDOM	TRANSCRIPTOMIC	RNA-Seq	P6960_306	Illumina HiSeq 2500	ILLUMINA	596990037.0	11705687.0	3702	Arabidopsis thaliana	P6960_306	Illumina HiSeq 2500 sequencing; Single-end sequencing of Arabidopsis thaliana leaf before and during heat or cold or salt stress in four mediator mutants and WT plants	Specific functions for Mediator complex subunits from different modules in the transcriptional response of Arabidopsis thaliana to abiotic stress	Illumina HiSeq 2500 sequencing; Single-end sequencing of Arabidopsis thaliana leaf before and during heat or cold or salt stress in four mediator mutants and WT plants	med9_CON_SS_B	f34e173906cf3a8790caee7bef918e4f	382718784	ftp.sra.ebi.ac.uk/vol1/fastq/ERR341/005/ERR3414805/ERR3414805.fastq.gz	ftp.sra.ebi.ac.uk/vol1/fastq/ERR341/005/ERR3414805/ERR3414805.fastq.gz	fasp.sra.ebi.ac.uk:/vol1/fastq/ERR341/005/ERR3414805/ERR3414805.fastq.gz
SAMEA5754949	ERR3414806	ERX3438346	SAMEA5754949	ERS3558405	PRJEB33339	ERP116123		ERA2029351	UPSC-0153-R0212	UPSC-0153-E0106	UPSC-0153-S0106	UPSC-0153	SINGLE	RANDOM	TRANSCRIPTOMIC	RNA-Seq	P6960_306	Illumina HiSeq 2500	ILLUMINA	597024819.0	11706369.0	3702	Arabidopsis thaliana	P6960_306	Illumina HiSeq 2500 sequencing; Single-end sequencing of Arabidopsis thaliana leaf before and during heat or cold or salt stress in four mediator mutants and WT plants	Specific functions for Mediator complex subunits from different modules in the transcriptional response of Arabidopsis thaliana to abiotic stress	Illumina HiSeq 2500 sequencing; Single-end sequencing of Arabidopsis thaliana leaf before and during heat or cold or salt stress in four mediator mutants and WT plants	med9_CON_SS_B	9828ad1fd31ab02894e626de7125a925	382153715	ftp.sra.ebi.ac.uk/vol1/fastq/ERR341/006/ERR3414806/ERR3414806.fastq.gz	ftp.sra.ebi.ac.uk/vol1/fastq/ERR341/006/ERR3414806/ERR3414806.fastq.gz	fasp.sra.ebi.ac.uk:/vol1/fastq/ERR341/006/ERR3414806/ERR3414806.fastq.gz
SAMEA5754950	ERR3414807	ERX3438347	SAMEA5754950	ERS3558406	PRJEB33339	ERP116123		ERA2029351	UPSC-0153-R0213	UPSC-0153-E0107	UPSC-0153-S0107	UPSC-0153	SINGLE	RANDOM	TRANSCRIPTOMIC	RNA-Seq	P6960_307	Illumina HiSeq 2500	ILLUMINA	596367837.0	11693487.0	3702	Arabidopsis thaliana	P6960_307	Illumina HiSeq 2500 sequencing; Single-end sequencing of Arabidopsis thaliana leaf before and during heat or cold or salt stress in four mediator mutants and WT plants	Specific functions for Mediator complex subunits from different modules in the transcriptional response of Arabidopsis thaliana to abiotic stress	Illumina HiSeq 2500 sequencing; Single-end sequencing of Arabidopsis thaliana leaf before and during heat or cold or salt stress in four mediator mutants and WT plants	med9_CON_SS_C	932b0c91434ac39fa717e945e68eeab7	373187323	ftp.sra.ebi.ac.uk/vol1/fastq/ERR341/007/ERR3414807/ERR3414807.fastq.gz	ftp.sra.ebi.ac.uk/vol1/fastq/ERR341/007/ERR3414807/ERR3414807.fastq.gz	fasp.sra.ebi.ac.uk:/vol1/fastq/ERR341/007/ERR3414807/ERR3414807.fastq.gz
SAMEA5754950	ERR3414808	ERX3438347	SAMEA5754950	ERS3558406	PRJEB33339	ERP116123		ERA2029351	UPSC-0153-R0214	UPSC-0153-E0107	UPSC-0153-S0107	UPSC-0153	SINGLE	RANDOM	TRANSCRIPTOMIC	RNA-Seq	P6960_307	Illumina HiSeq 2500	ILLUMINA	597206379.0	11709929.0	3702	Arabidopsis thaliana	P6960_307	Illumina HiSeq 2500 sequencing; Single-end sequencing of Arabidopsis thaliana leaf before and during heat or cold or salt stress in four mediator mutants and WT plants	Specific functions for Mediator complex subunits from different modules in the transcriptional response of Arabidopsis thaliana to abiotic stress	Illumina HiSeq 2500 sequencing; Single-end sequencing of Arabidopsis thaliana leaf before and during heat or cold or salt stress in four mediator mutants and WT plants	med9_CON_SS_C	9ca7b86e1968b1b497a5d49dec3b064e	373148944	ftp.sra.ebi.ac.uk/vol1/fastq/ERR341/008/ERR3414808/ERR3414808.fastq.gz	ftp.sra.ebi.ac.uk/vol1/fastq/ERR341/008/ERR3414808/ERR3414808.fastq.gz	fasp.sra.ebi.ac.uk:/vol1/fastq/ERR341/008/ERR3414808/ERR3414808.fastq.gz
SAMEA5754951	ERR3414809	ERX3438348	SAMEA5754951	ERS3558407	PRJEB33339	ERP116123		ERA2029351	UPSC-0153-R0215	UPSC-0153-E0108	UPSC-0153-S0108	UPSC-0153	SINGLE	RANDOM	TRANSCRIPTOMIC	RNA-Seq	P6960_308	Illumina HiSeq 2500	ILLUMINA	614942292.0	12057692.0	3702	Arabidopsis thaliana	P6960_308	Illumina HiSeq 2500 sequencing; Single-end sequencing of Arabidopsis thaliana leaf before and during heat or cold or salt stress in four mediator mutants and WT plants	Specific functions for Mediator complex subunits from different modules in the transcriptional response of Arabidopsis thaliana to abiotic stress	Illumina HiSeq 2500 sequencing; Single-end sequencing of Arabidopsis thaliana leaf before and during heat or cold or salt stress in four mediator mutants and WT plants	med9_CON_SS_D	bbe19b643ceedc635e045ee1a5db10b3	386030904	ftp.sra.ebi.ac.uk/vol1/fastq/ERR341/009/ERR3414809/ERR3414809.fastq.gz	ftp.sra.ebi.ac.uk/vol1/fastq/ERR341/009/ERR3414809/ERR3414809.fastq.gz	fasp.sra.ebi.ac.uk:/vol1/fastq/ERR341/009/ERR3414809/ERR3414809.fastq.gz
SAMEA5754951	ERR3414810	ERX3438348	SAMEA5754951	ERS3558407	PRJEB33339	ERP116123		ERA2029351	UPSC-0153-R0216	UPSC-0153-E0108	UPSC-0153-S0108	UPSC-0153	SINGLE	RANDOM	TRANSCRIPTOMIC	RNA-Seq	P6960_308	Illumina HiSeq 2500	ILLUMINA	616229889.0	12082939.0	3702	Arabidopsis thaliana	P6960_308	Illumina HiSeq 2500 sequencing; Single-end sequencing of Arabidopsis thaliana leaf before and during heat or cold or salt stress in four mediator mutants and WT plants	Specific functions for Mediator complex subunits from different modules in the transcriptional response of Arabidopsis thaliana to abiotic stress	Illumina HiSeq 2500 sequencing; Single-end sequencing of Arabidopsis thaliana leaf before and during heat or cold or salt stress in four mediator mutants and WT plants	med9_CON_SS_D	cc0e537785eabda7e69f0aa9ff6b3879	386506001	ftp.sra.ebi.ac.uk/vol1/fastq/ERR341/000/ERR3414810/ERR3414810.fastq.gz	ftp.sra.ebi.ac.uk/vol1/fastq/ERR341/000/ERR3414810/ERR3414810.fastq.gz	fasp.sra.ebi.ac.uk:/vol1/fastq/ERR341/000/ERR3414810/ERR3414810.fastq.gz
SAMEA5754952	ERR3414811	ERX3438349	SAMEA5754952	ERS3558408	PRJEB33339	ERP116123		ERA2029351	UPSC-0153-R0217	UPSC-0153-E0109	UPSC-0153-S0109	UPSC-0153	SINGLE	RANDOM	TRANSCRIPTOMIC	RNA-Seq	P6960_309	Illumina HiSeq 2500	ILLUMINA	587433351.0	11518301.0	3702	Arabidopsis thaliana	P6960_309	Illumina HiSeq 2500 sequencing; Single-end sequencing of Arabidopsis thaliana leaf before and during heat or cold or salt stress in four mediator mutants and WT plants	Specific functions for Mediator complex subunits from different modules in the transcriptional response of Arabidopsis thaliana to abiotic stress	Illumina HiSeq 2500 sequencing; Single-end sequencing of Arabidopsis thaliana leaf before and during heat or cold or salt stress in four mediator mutants and WT plants	med16_CON_SS_A	e2b1abeddce69be862eba84521010e0e	377176427	ftp.sra.ebi.ac.uk/vol1/fastq/ERR341/001/ERR3414811/ERR3414811.fastq.gz	ftp.sra.ebi.ac.uk/vol1/fastq/ERR341/001/ERR3414811/ERR3414811.fastq.gz	fasp.sra.ebi.ac.uk:/vol1/fastq/ERR341/001/ERR3414811/ERR3414811.fastq.gz
SAMEA5754952	ERR3414812	ERX3438349	SAMEA5754952	ERS3558408	PRJEB33339	ERP116123		ERA2029351	UPSC-0153-R0218	UPSC-0153-E0109	UPSC-0153-S0109	UPSC-0153	SINGLE	RANDOM	TRANSCRIPTOMIC	RNA-Seq	P6960_309	Illumina HiSeq 2500	ILLUMINA	587607057.0	11521707.0	3702	Arabidopsis thaliana	P6960_309	Illumina HiSeq 2500 sequencing; Single-end sequencing of Arabidopsis thaliana leaf before and during heat or cold or salt stress in four mediator mutants and WT plants	Specific functions for Mediator complex subunits from different modules in the transcriptional response of Arabidopsis thaliana to abiotic stress	Illumina HiSeq 2500 sequencing; Single-end sequencing of Arabidopsis thaliana leaf before and during heat or cold or salt stress in four mediator mutants and WT plants	med16_CON_SS_A	76963c7b6e0c49f336bb15b35a1204a7	376869951	ftp.sra.ebi.ac.uk/vol1/fastq/ERR341/002/ERR3414812/ERR3414812.fastq.gz	ftp.sra.ebi.ac.uk/vol1/fastq/ERR341/002/ERR3414812/ERR3414812.fastq.gz	fasp.sra.ebi.ac.uk:/vol1/fastq/ERR341/002/ERR3414812/ERR3414812.fastq.gz
SAMEA5754953	ERR3414813	ERX3438350	SAMEA5754953	ERS3558409	PRJEB33339	ERP116123		ERA2029351	UPSC-0153-R0219	UPSC-0153-E0110	UPSC-0153-S0110	UPSC-0153	SINGLE	RANDOM	TRANSCRIPTOMIC	RNA-Seq	P6960_310	Illumina HiSeq 2500	ILLUMINA	652993239.0	12803789.0	3702	Arabidopsis thaliana	P6960_310	Illumina HiSeq 2500 sequencing; Single-end sequencing of Arabidopsis thaliana leaf before and during heat or cold or salt stress in four mediator mutants and WT plants	Specific functions for Mediator complex subunits from different modules in the transcriptional response of Arabidopsis thaliana to abiotic stress	Illumina HiSeq 2500 sequencing; Single-end sequencing of Arabidopsis thaliana leaf before and during heat or cold or salt stress in four mediator mutants and WT plants	med16_CON_SS_B	78a451ee4192db18272cc6190f2d17b9	408825098	ftp.sra.ebi.ac.uk/vol1/fastq/ERR341/003/ERR3414813/ERR3414813.fastq.gz	ftp.sra.ebi.ac.uk/vol1/fastq/ERR341/003/ERR3414813/ERR3414813.fastq.gz	fasp.sra.ebi.ac.uk:/vol1/fastq/ERR341/003/ERR3414813/ERR3414813.fastq.gz
SAMEA5754953	ERR3414814	ERX3438350	SAMEA5754953	ERS3558409	PRJEB33339	ERP116123		ERA2029351	UPSC-0153-R0220	UPSC-0153-E0110	UPSC-0153-S0110	UPSC-0153	SINGLE	RANDOM	TRANSCRIPTOMIC	RNA-Seq	P6960_310	Illumina HiSeq 2500	ILLUMINA	653999316.0	12823516.0	3702	Arabidopsis thaliana	P6960_310	Illumina HiSeq 2500 sequencing; Single-end sequencing of Arabidopsis thaliana leaf before and during heat or cold or salt stress in four mediator mutants and WT plants	Specific functions for Mediator complex subunits from different modules in the transcriptional response of Arabidopsis thaliana to abiotic stress	Illumina HiSeq 2500 sequencing; Single-end sequencing of Arabidopsis thaliana leaf before and during heat or cold or salt stress in four mediator mutants and WT plants	med16_CON_SS_B	0403a1dcf1dd7ea5ba6499128d8ae644	409099242	ftp.sra.ebi.ac.uk/vol1/fastq/ERR341/004/ERR3414814/ERR3414814.fastq.gz	ftp.sra.ebi.ac.uk/vol1/fastq/ERR341/004/ERR3414814/ERR3414814.fastq.gz	fasp.sra.ebi.ac.uk:/vol1/fastq/ERR341/004/ERR3414814/ERR3414814.fastq.gz
SAMEA5754954	ERR3414815	ERX3438351	SAMEA5754954	ERS3558410	PRJEB33339	ERP116123		ERA2029351	UPSC-0153-R0221	UPSC-0153-E0111	UPSC-0153-S0111	UPSC-0153	SINGLE	RANDOM	TRANSCRIPTOMIC	RNA-Seq	P6960_311	Illumina HiSeq 2500	ILLUMINA	444221322.0	8710222.0	3702	Arabidopsis thaliana	P6960_311	Illumina HiSeq 2500 sequencing; Single-end sequencing of Arabidopsis thaliana leaf before and during heat or cold or salt stress in four mediator mutants and WT plants	Specific functions for Mediator complex subunits from different modules in the transcriptional response of Arabidopsis thaliana to abiotic stress	Illumina HiSeq 2500 sequencing; Single-end sequencing of Arabidopsis thaliana leaf before and during heat or cold or salt stress in four mediator mutants and WT plants	med16_CON_SS_C	9127b45d50619431ec07bc38be557cc0	312624789	ftp.sra.ebi.ac.uk/vol1/fastq/ERR341/005/ERR3414815/ERR3414815.fastq.gz	ftp.sra.ebi.ac.uk/vol1/fastq/ERR341/005/ERR3414815/ERR3414815.fastq.gz	fasp.sra.ebi.ac.uk:/vol1/fastq/ERR341/005/ERR3414815/ERR3414815.fastq.gz
SAMEA5754954	ERR3414816	ERX3438351	SAMEA5754954	ERS3558410	PRJEB33339	ERP116123		ERA2029351	UPSC-0153-R0222	UPSC-0153-E0111	UPSC-0153-S0111	UPSC-0153	SINGLE	RANDOM	TRANSCRIPTOMIC	RNA-Seq	P6960_311	Illumina HiSeq 2500	ILLUMINA	450263343.0	8828693.0	3702	Arabidopsis thaliana	P6960_311	Illumina HiSeq 2500 sequencing; Single-end sequencing of Arabidopsis thaliana leaf before and during heat or cold or salt stress in four mediator mutants and WT plants	Specific functions for Mediator complex subunits from different modules in the transcriptional response of Arabidopsis thaliana to abiotic stress	Illumina HiSeq 2500 sequencing; Single-end sequencing of Arabidopsis thaliana leaf before and during heat or cold or salt stress in four mediator mutants and WT plants	med16_CON_SS_C	d4b2b778ef8cff401f0f2ec142db94b7	316438118	ftp.sra.ebi.ac.uk/vol1/fastq/ERR341/006/ERR3414816/ERR3414816.fastq.gz	ftp.sra.ebi.ac.uk/vol1/fastq/ERR341/006/ERR3414816/ERR3414816.fastq.gz	fasp.sra.ebi.ac.uk:/vol1/fastq/ERR341/006/ERR3414816/ERR3414816.fastq.gz
SAMEA5754955	ERR3414817	ERX3438352	SAMEA5754955	ERS3558411	PRJEB33339	ERP116123		ERA2029351	UPSC-0153-R0223	UPSC-0153-E0112	UPSC-0153-S0112	UPSC-0153	SINGLE	RANDOM	TRANSCRIPTOMIC	RNA-Seq	P6960_312	Illumina HiSeq 2500	ILLUMINA	500677863.0	9817213.0	3702	Arabidopsis thaliana	P6960_312	Illumina HiSeq 2500 sequencing; Single-end sequencing of Arabidopsis thaliana leaf before and during heat or cold or salt stress in four mediator mutants and WT plants	Specific functions for Mediator complex subunits from different modules in the transcriptional response of Arabidopsis thaliana to abiotic stress	Illumina HiSeq 2500 sequencing; Single-end sequencing of Arabidopsis thaliana leaf before and during heat or cold or salt stress in four mediator mutants and WT plants	med16_CON_SS_D	516476ed2b7e0d8956f8c1fda693f521	345384821	ftp.sra.ebi.ac.uk/vol1/fastq/ERR341/007/ERR3414817/ERR3414817.fastq.gz	ftp.sra.ebi.ac.uk/vol1/fastq/ERR341/007/ERR3414817/ERR3414817.fastq.gz	fasp.sra.ebi.ac.uk:/vol1/fastq/ERR341/007/ERR3414817/ERR3414817.fastq.gz
SAMEA5754955	ERR3414818	ERX3438352	SAMEA5754955	ERS3558411	PRJEB33339	ERP116123		ERA2029351	UPSC-0153-R0224	UPSC-0153-E0112	UPSC-0153-S0112	UPSC-0153	SINGLE	RANDOM	TRANSCRIPTOMIC	RNA-Seq	P6960_312	Illumina HiSeq 2500	ILLUMINA	506569281.0	9932731.0	3702	Arabidopsis thaliana	P6960_312	Illumina HiSeq 2500 sequencing; Single-end sequencing of Arabidopsis thaliana leaf before and during heat or cold or salt stress in four mediator mutants and WT plants	Specific functions for Mediator complex subunits from different modules in the transcriptional response of Arabidopsis thaliana to abiotic stress	Illumina HiSeq 2500 sequencing; Single-end sequencing of Arabidopsis thaliana leaf before and during heat or cold or salt stress in four mediator mutants and WT plants	med16_CON_SS_D	dfbbd3a062794e6d95ff717bf981d3d0	348773153	ftp.sra.ebi.ac.uk/vol1/fastq/ERR341/008/ERR3414818/ERR3414818.fastq.gz	ftp.sra.ebi.ac.uk/vol1/fastq/ERR341/008/ERR3414818/ERR3414818.fastq.gz	fasp.sra.ebi.ac.uk:/vol1/fastq/ERR341/008/ERR3414818/ERR3414818.fastq.gz
SAMEA5754956	ERR3414819	ERX3438353	SAMEA5754956	ERS3558412	PRJEB33339	ERP116123		ERA2029351	UPSC-0153-R0225	UPSC-0153-E0113	UPSC-0153-S0113	UPSC-0153	SINGLE	RANDOM	TRANSCRIPTOMIC	RNA-Seq	P6960_313	Illumina HiSeq 2500	ILLUMINA	465839814.0	9134114.0	3702	Arabidopsis thaliana	P6960_313	Illumina HiSeq 2500 sequencing; Single-end sequencing of Arabidopsis thaliana leaf before and during heat or cold or salt stress in four mediator mutants and WT plants	Specific functions for Mediator complex subunits from different modules in the transcriptional response of Arabidopsis thaliana to abiotic stress	Illumina HiSeq 2500 sequencing; Single-end sequencing of Arabidopsis thaliana leaf before and during heat or cold or salt stress in four mediator mutants and WT plants	med18_CON_SS_A	b7f93ed4ff816418c70599458c45e68c	322993916	ftp.sra.ebi.ac.uk/vol1/fastq/ERR341/009/ERR3414819/ERR3414819.fastq.gz	ftp.sra.ebi.ac.uk/vol1/fastq/ERR341/009/ERR3414819/ERR3414819.fastq.gz	fasp.sra.ebi.ac.uk:/vol1/fastq/ERR341/009/ERR3414819/ERR3414819.fastq.gz
SAMEA5754956	ERR3414820	ERX3438353	SAMEA5754956	ERS3558412	PRJEB33339	ERP116123		ERA2029351	UPSC-0153-R0226	UPSC-0153-E0113	UPSC-0153-S0113	UPSC-0153	SINGLE	RANDOM	TRANSCRIPTOMIC	RNA-Seq	P6960_313	Illumina HiSeq 2500	ILLUMINA	469032210.0	9196710.0	3702	Arabidopsis thaliana	P6960_313	Illumina HiSeq 2500 sequencing; Single-end sequencing of Arabidopsis thaliana leaf before and during heat or cold or salt stress in four mediator mutants and WT plants	Specific functions for Mediator complex subunits from different modules in the transcriptional response of Arabidopsis thaliana to abiotic stress	Illumina HiSeq 2500 sequencing; Single-end sequencing of Arabidopsis thaliana leaf before and during heat or cold or salt stress in four mediator mutants and WT plants	med18_CON_SS_A	5723408f099adbfecd3c78bc2848320e	324937548	ftp.sra.ebi.ac.uk/vol1/fastq/ERR341/000/ERR3414820/ERR3414820.fastq.gz	ftp.sra.ebi.ac.uk/vol1/fastq/ERR341/000/ERR3414820/ERR3414820.fastq.gz	fasp.sra.ebi.ac.uk:/vol1/fastq/ERR341/000/ERR3414820/ERR3414820.fastq.gz
SAMEA5754957	ERR3414821	ERX3438354	SAMEA5754957	ERS3558413	PRJEB33339	ERP116123		ERA2029351	UPSC-0153-R0227	UPSC-0153-E0114	UPSC-0153-S0114	UPSC-0153	SINGLE	RANDOM	TRANSCRIPTOMIC	RNA-Seq	P6960_314	Illumina HiSeq 2500	ILLUMINA	475143336.0	9316536.0	3702	Arabidopsis thaliana	P6960_314	Illumina HiSeq 2500 sequencing; Single-end sequencing of Arabidopsis thaliana leaf before and during heat or cold or salt stress in four mediator mutants and WT plants	Specific functions for Mediator complex subunits from different modules in the transcriptional response of Arabidopsis thaliana to abiotic stress	Illumina HiSeq 2500 sequencing; Single-end sequencing of Arabidopsis thaliana leaf before and during heat or cold or salt stress in four mediator mutants and WT plants	med18_CON_SS_B	d13fc1dbb54ad065ebe93de74b7ae036	329802053	ftp.sra.ebi.ac.uk/vol1/fastq/ERR341/001/ERR3414821/ERR3414821.fastq.gz	ftp.sra.ebi.ac.uk/vol1/fastq/ERR341/001/ERR3414821/ERR3414821.fastq.gz	fasp.sra.ebi.ac.uk:/vol1/fastq/ERR341/001/ERR3414821/ERR3414821.fastq.gz
SAMEA5754957	ERR3414822	ERX3438354	SAMEA5754957	ERS3558413	PRJEB33339	ERP116123		ERA2029351	UPSC-0153-R0228	UPSC-0153-E0114	UPSC-0153-S0114	UPSC-0153	SINGLE	RANDOM	TRANSCRIPTOMIC	RNA-Seq	P6960_314	Illumina HiSeq 2500	ILLUMINA	481812249.0	9447299.0	3702	Arabidopsis thaliana	P6960_314	Illumina HiSeq 2500 sequencing; Single-end sequencing of Arabidopsis thaliana leaf before and during heat or cold or salt stress in four mediator mutants and WT plants	Specific functions for Mediator complex subunits from different modules in the transcriptional response of Arabidopsis thaliana to abiotic stress	Illumina HiSeq 2500 sequencing; Single-end sequencing of Arabidopsis thaliana leaf before and during heat or cold or salt stress in four mediator mutants and WT plants	med18_CON_SS_B	669085bf386830c7690a4b62a41f30d8	333975598	ftp.sra.ebi.ac.uk/vol1/fastq/ERR341/002/ERR3414822/ERR3414822.fastq.gz	ftp.sra.ebi.ac.uk/vol1/fastq/ERR341/002/ERR3414822/ERR3414822.fastq.gz	fasp.sra.ebi.ac.uk:/vol1/fastq/ERR341/002/ERR3414822/ERR3414822.fastq.gz
SAMEA5754958	ERR3414823	ERX3438355	SAMEA5754958	ERS3558414	PRJEB33339	ERP116123		ERA2029351	UPSC-0153-R0229	UPSC-0153-E0115	UPSC-0153-S0115	UPSC-0153	SINGLE	RANDOM	TRANSCRIPTOMIC	RNA-Seq	P6960_315	Illumina HiSeq 2500	ILLUMINA	471280443.0	9240793.0	3702	Arabidopsis thaliana	P6960_315	Illumina HiSeq 2500 sequencing; Single-end sequencing of Arabidopsis thaliana leaf before and during heat or cold or salt stress in four mediator mutants and WT plants	Specific functions for Mediator complex subunits from different modules in the transcriptional response of Arabidopsis thaliana to abiotic stress	Illumina HiSeq 2500 sequencing; Single-end sequencing of Arabidopsis thaliana leaf before and during heat or cold or salt stress in four mediator mutants and WT plants	med18_CON_SS_C	a435b4d6a134ee40ba03bdd6b3482c9f	327687597	ftp.sra.ebi.ac.uk/vol1/fastq/ERR341/003/ERR3414823/ERR3414823.fastq.gz	ftp.sra.ebi.ac.uk/vol1/fastq/ERR341/003/ERR3414823/ERR3414823.fastq.gz	fasp.sra.ebi.ac.uk:/vol1/fastq/ERR341/003/ERR3414823/ERR3414823.fastq.gz
SAMEA5754958	ERR3414824	ERX3438355	SAMEA5754958	ERS3558414	PRJEB33339	ERP116123		ERA2029351	UPSC-0153-R0230	UPSC-0153-E0115	UPSC-0153-S0115	UPSC-0153	SINGLE	RANDOM	TRANSCRIPTOMIC	RNA-Seq	P6960_315	Illumina HiSeq 2500	ILLUMINA	478830942.0	9388842.0	3702	Arabidopsis thaliana	P6960_315	Illumina HiSeq 2500 sequencing; Single-end sequencing of Arabidopsis thaliana leaf before and during heat or cold or salt stress in four mediator mutants and WT plants	Specific functions for Mediator complex subunits from different modules in the transcriptional response of Arabidopsis thaliana to abiotic stress	Illumina HiSeq 2500 sequencing; Single-end sequencing of Arabidopsis thaliana leaf before and during heat or cold or salt stress in four mediator mutants and WT plants	med18_CON_SS_C	052965c05c6e49761847c55e04b947df	332277633	ftp.sra.ebi.ac.uk/vol1/fastq/ERR341/004/ERR3414824/ERR3414824.fastq.gz	ftp.sra.ebi.ac.uk/vol1/fastq/ERR341/004/ERR3414824/ERR3414824.fastq.gz	fasp.sra.ebi.ac.uk:/vol1/fastq/ERR341/004/ERR3414824/ERR3414824.fastq.gz
SAMEA5754959	ERR3414825	ERX3438356	SAMEA5754959	ERS3558415	PRJEB33339	ERP116123		ERA2029351	UPSC-0153-R0231	UPSC-0153-E0116	UPSC-0153-S0116	UPSC-0153	SINGLE	RANDOM	TRANSCRIPTOMIC	RNA-Seq	P6960_316	Illumina HiSeq 2500	ILLUMINA	446435691.0	8753641.0	3702	Arabidopsis thaliana	P6960_316	Illumina HiSeq 2500 sequencing; Single-end sequencing of Arabidopsis thaliana leaf before and during heat or cold or salt stress in four mediator mutants and WT plants	Specific functions for Mediator complex subunits from different modules in the transcriptional response of Arabidopsis thaliana to abiotic stress	Illumina HiSeq 2500 sequencing; Single-end sequencing of Arabidopsis thaliana leaf before and during heat or cold or salt stress in four mediator mutants and WT plants	med18_CON_SS_D	abe2124e0afd6a51c20483114b9366ce	308676105	ftp.sra.ebi.ac.uk/vol1/fastq/ERR341/005/ERR3414825/ERR3414825.fastq.gz	ftp.sra.ebi.ac.uk/vol1/fastq/ERR341/005/ERR3414825/ERR3414825.fastq.gz	fasp.sra.ebi.ac.uk:/vol1/fastq/ERR341/005/ERR3414825/ERR3414825.fastq.gz
SAMEA5754959	ERR3414826	ERX3438356	SAMEA5754959	ERS3558415	PRJEB33339	ERP116123		ERA2029351	UPSC-0153-R0232	UPSC-0153-E0116	UPSC-0153-S0116	UPSC-0153	SINGLE	RANDOM	TRANSCRIPTOMIC	RNA-Seq	P6960_316	Illumina HiSeq 2500	ILLUMINA	453075177.0	8883827.0	3702	Arabidopsis thaliana	P6960_316	Illumina HiSeq 2500 sequencing; Single-end sequencing of Arabidopsis thaliana leaf before and during heat or cold or salt stress in four mediator mutants and WT plants	Specific functions for Mediator complex subunits from different modules in the transcriptional response of Arabidopsis thaliana to abiotic stress	Illumina HiSeq 2500 sequencing; Single-end sequencing of Arabidopsis thaliana leaf before and during heat or cold or salt stress in four mediator mutants and WT plants	med18_CON_SS_D	ae0f4c1cf147c3630bdc6ae4ae2b95df	312684207	ftp.sra.ebi.ac.uk/vol1/fastq/ERR341/006/ERR3414826/ERR3414826.fastq.gz	ftp.sra.ebi.ac.uk/vol1/fastq/ERR341/006/ERR3414826/ERR3414826.fastq.gz	fasp.sra.ebi.ac.uk:/vol1/fastq/ERR341/006/ERR3414826/ERR3414826.fastq.gz
SAMEA5754960	ERR3414827	ERX3438357	SAMEA5754960	ERS3558416	PRJEB33339	ERP116123		ERA2029351	UPSC-0153-R0233	UPSC-0153-E0117	UPSC-0153-S0117	UPSC-0153	SINGLE	RANDOM	TRANSCRIPTOMIC	RNA-Seq	P6960_317	Illumina HiSeq 2500	ILLUMINA	442193103.0	8670453.0	3702	Arabidopsis thaliana	P6960_317	Illumina HiSeq 2500 sequencing; Single-end sequencing of Arabidopsis thaliana leaf before and during heat or cold or salt stress in four mediator mutants and WT plants	Specific functions for Mediator complex subunits from different modules in the transcriptional response of Arabidopsis thaliana to abiotic stress	Illumina HiSeq 2500 sequencing; Single-end sequencing of Arabidopsis thaliana leaf before and during heat or cold or salt stress in four mediator mutants and WT plants	cdk8_CON_SS_A	bceb898ed5787fc6576cfb687e8c4fcd	307378742	ftp.sra.ebi.ac.uk/vol1/fastq/ERR341/007/ERR3414827/ERR3414827.fastq.gz	ftp.sra.ebi.ac.uk/vol1/fastq/ERR341/007/ERR3414827/ERR3414827.fastq.gz	fasp.sra.ebi.ac.uk:/vol1/fastq/ERR341/007/ERR3414827/ERR3414827.fastq.gz
SAMEA5754960	ERR3414828	ERX3438357	SAMEA5754960	ERS3558416	PRJEB33339	ERP116123		ERA2029351	UPSC-0153-R0234	UPSC-0153-E0117	UPSC-0153-S0117	UPSC-0153	SINGLE	RANDOM	TRANSCRIPTOMIC	RNA-Seq	P6960_317	Illumina HiSeq 2500	ILLUMINA	448952592.0	8802992.0	3702	Arabidopsis thaliana	P6960_317	Illumina HiSeq 2500 sequencing; Single-end sequencing of Arabidopsis thaliana leaf before and during heat or cold or salt stress in four mediator mutants and WT plants	Specific functions for Mediator complex subunits from different modules in the transcriptional response of Arabidopsis thaliana to abiotic stress	Illumina HiSeq 2500 sequencing; Single-end sequencing of Arabidopsis thaliana leaf before and during heat or cold or salt stress in four mediator mutants and WT plants	cdk8_CON_SS_A	0cd452607cd3f10bdf6e5e546588fedd	311656160	ftp.sra.ebi.ac.uk/vol1/fastq/ERR341/008/ERR3414828/ERR3414828.fastq.gz	ftp.sra.ebi.ac.uk/vol1/fastq/ERR341/008/ERR3414828/ERR3414828.fastq.gz	fasp.sra.ebi.ac.uk:/vol1/fastq/ERR341/008/ERR3414828/ERR3414828.fastq.gz
SAMEA5754961	ERR3414829	ERX3438358	SAMEA5754961	ERS3558417	PRJEB33339	ERP116123		ERA2029351	UPSC-0153-R0235	UPSC-0153-E0118	UPSC-0153-S0118	UPSC-0153	SINGLE	RANDOM	TRANSCRIPTOMIC	RNA-Seq	P6960_318	Illumina HiSeq 2500	ILLUMINA	490333533.0	9614383.0	3702	Arabidopsis thaliana	P6960_318	Illumina HiSeq 2500 sequencing; Single-end sequencing of Arabidopsis thaliana leaf before and during heat or cold or salt stress in four mediator mutants and WT plants	Specific functions for Mediator complex subunits from different modules in the transcriptional response of Arabidopsis thaliana to abiotic stress	Illumina HiSeq 2500 sequencing; Single-end sequencing of Arabidopsis thaliana leaf before and during heat or cold or salt stress in four mediator mutants and WT plants	cdk8_CON_SS_B	0e9f9f79d16c4d1c1c0be9ca612ffcad	342762470	ftp.sra.ebi.ac.uk/vol1/fastq/ERR341/009/ERR3414829/ERR3414829.fastq.gz	ftp.sra.ebi.ac.uk/vol1/fastq/ERR341/009/ERR3414829/ERR3414829.fastq.gz	fasp.sra.ebi.ac.uk:/vol1/fastq/ERR341/009/ERR3414829/ERR3414829.fastq.gz
SAMEA5754961	ERR3414830	ERX3438358	SAMEA5754961	ERS3558417	PRJEB33339	ERP116123		ERA2029351	UPSC-0153-R0236	UPSC-0153-E0118	UPSC-0153-S0118	UPSC-0153	SINGLE	RANDOM	TRANSCRIPTOMIC	RNA-Seq	P6960_318	Illumina HiSeq 2500	ILLUMINA	497291412.0	9750812.0	3702	Arabidopsis thaliana	P6960_318	Illumina HiSeq 2500 sequencing; Single-end sequencing of Arabidopsis thaliana leaf before and during heat or cold or salt stress in four mediator mutants and WT plants	Specific functions for Mediator complex subunits from different modules in the transcriptional response of Arabidopsis thaliana to abiotic stress	Illumina HiSeq 2500 sequencing; Single-end sequencing of Arabidopsis thaliana leaf before and during heat or cold or salt stress in four mediator mutants and WT plants	cdk8_CON_SS_B	09b0e609df1c7c98ef9a69d370f6bb6e	347092056	ftp.sra.ebi.ac.uk/vol1/fastq/ERR341/000/ERR3414830/ERR3414830.fastq.gz	ftp.sra.ebi.ac.uk/vol1/fastq/ERR341/000/ERR3414830/ERR3414830.fastq.gz	fasp.sra.ebi.ac.uk:/vol1/fastq/ERR341/000/ERR3414830/ERR3414830.fastq.gz
SAMEA5754962	ERR3414831	ERX3438359	SAMEA5754962	ERS3558418	PRJEB33339	ERP116123		ERA2029351	UPSC-0153-R0237	UPSC-0153-E0119	UPSC-0153-S0119	UPSC-0153	SINGLE	RANDOM	TRANSCRIPTOMIC	RNA-Seq	P6960_319	Illumina HiSeq 2500	ILLUMINA	628696839.0	12327389.0	3702	Arabidopsis thaliana	P6960_319	Illumina HiSeq 2500 sequencing; Single-end sequencing of Arabidopsis thaliana leaf before and during heat or cold or salt stress in four mediator mutants and WT plants	Specific functions for Mediator complex subunits from different modules in the transcriptional response of Arabidopsis thaliana to abiotic stress	Illumina HiSeq 2500 sequencing; Single-end sequencing of Arabidopsis thaliana leaf before and during heat or cold or salt stress in four mediator mutants and WT plants	cdk8_CON_SS_C	0538aac8a215d32ae110fdc1511ec9d6	394159601	ftp.sra.ebi.ac.uk/vol1/fastq/ERR341/001/ERR3414831/ERR3414831.fastq.gz	ftp.sra.ebi.ac.uk/vol1/fastq/ERR341/001/ERR3414831/ERR3414831.fastq.gz	fasp.sra.ebi.ac.uk:/vol1/fastq/ERR341/001/ERR3414831/ERR3414831.fastq.gz
SAMEA5754962	ERR3414832	ERX3438359	SAMEA5754962	ERS3558418	PRJEB33339	ERP116123		ERA2029351	UPSC-0153-R0238	UPSC-0153-E0119	UPSC-0153-S0119	UPSC-0153	SINGLE	RANDOM	TRANSCRIPTOMIC	RNA-Seq	P6960_319	Illumina HiSeq 2500	ILLUMINA	631866744.0	12389544.0	3702	Arabidopsis thaliana	P6960_319	Illumina HiSeq 2500 sequencing; Single-end sequencing of Arabidopsis thaliana leaf before and during heat or cold or salt stress in four mediator mutants and WT plants	Specific functions for Mediator complex subunits from different modules in the transcriptional response of Arabidopsis thaliana to abiotic stress	Illumina HiSeq 2500 sequencing; Single-end sequencing of Arabidopsis thaliana leaf before and during heat or cold or salt stress in four mediator mutants and WT plants	cdk8_CON_SS_C	0a755f0f6f9ab15128c0d43010034874	395655732	ftp.sra.ebi.ac.uk/vol1/fastq/ERR341/002/ERR3414832/ERR3414832.fastq.gz	ftp.sra.ebi.ac.uk/vol1/fastq/ERR341/002/ERR3414832/ERR3414832.fastq.gz	fasp.sra.ebi.ac.uk:/vol1/fastq/ERR341/002/ERR3414832/ERR3414832.fastq.gz
SAMEA5754963	ERR3414833	ERX3438360	SAMEA5754963	ERS3558419	PRJEB33339	ERP116123		ERA2029351	UPSC-0153-R0239	UPSC-0153-E0120	UPSC-0153-S0120	UPSC-0153	SINGLE	RANDOM	TRANSCRIPTOMIC	RNA-Seq	P6960_320	Illumina HiSeq 2500	ILLUMINA	621615744.0	12188544.0	3702	Arabidopsis thaliana	P6960_320	Illumina HiSeq 2500 sequencing; Single-end sequencing of Arabidopsis thaliana leaf before and during heat or cold or salt stress in four mediator mutants and WT plants	Specific functions for Mediator complex subunits from different modules in the transcriptional response of Arabidopsis thaliana to abiotic stress	Illumina HiSeq 2500 sequencing; Single-end sequencing of Arabidopsis thaliana leaf before and during heat or cold or salt stress in four mediator mutants and WT plants	cdk8_CON_SS_D	c7f1cb0726a52debbac02180f4e6288a	396246071	ftp.sra.ebi.ac.uk/vol1/fastq/ERR341/003/ERR3414833/ERR3414833.fastq.gz	ftp.sra.ebi.ac.uk/vol1/fastq/ERR341/003/ERR3414833/ERR3414833.fastq.gz	fasp.sra.ebi.ac.uk:/vol1/fastq/ERR341/003/ERR3414833/ERR3414833.fastq.gz
SAMEA5754963	ERR3414834	ERX3438360	SAMEA5754963	ERS3558419	PRJEB33339	ERP116123		ERA2029351	UPSC-0153-R0240	UPSC-0153-E0120	UPSC-0153-S0120	UPSC-0153	SINGLE	RANDOM	TRANSCRIPTOMIC	RNA-Seq	P6960_320	Illumina HiSeq 2500	ILLUMINA	624380454.0	12242754.0	3702	Arabidopsis thaliana	P6960_320	Illumina HiSeq 2500 sequencing; Single-end sequencing of Arabidopsis thaliana leaf before and during heat or cold or salt stress in four mediator mutants and WT plants	Specific functions for Mediator complex subunits from different modules in the transcriptional response of Arabidopsis thaliana to abiotic stress	Illumina HiSeq 2500 sequencing; Single-end sequencing of Arabidopsis thaliana leaf before and during heat or cold or salt stress in four mediator mutants and WT plants	cdk8_CON_SS_D	4938627b69504e5b3027aeeaea8f47db	397550773	ftp.sra.ebi.ac.uk/vol1/fastq/ERR341/004/ERR3414834/ERR3414834.fastq.gz	ftp.sra.ebi.ac.uk/vol1/fastq/ERR341/004/ERR3414834/ERR3414834.fastq.gz	fasp.sra.ebi.ac.uk:/vol1/fastq/ERR341/004/ERR3414834/ERR3414834.fastq.gz
SAMEA5754964	ERR3414835	ERX3438361	SAMEA5754964	ERS3558420	PRJEB33339	ERP116123		ERA2029351	UPSC-0153-R0241	UPSC-0153-E0121	UPSC-0153-S0121	UPSC-0153	SINGLE	RANDOM	TRANSCRIPTOMIC	RNA-Seq	P6960_321	Illumina HiSeq 2500	ILLUMINA	625576965.0	12266215.0	3702	Arabidopsis thaliana	P6960_321	Illumina HiSeq 2500 sequencing; Single-end sequencing of Arabidopsis thaliana leaf before and during heat or cold or salt stress in four mediator mutants and WT plants	Specific functions for Mediator complex subunits from different modules in the transcriptional response of Arabidopsis thaliana to abiotic stress	Illumina HiSeq 2500 sequencing; Single-end sequencing of Arabidopsis thaliana leaf before and during heat or cold or salt stress in four mediator mutants and WT plants	WT_SS4_A	05e56f3b0a736371ac7bca82ba946d33	381496924	ftp.sra.ebi.ac.uk/vol1/fastq/ERR341/005/ERR3414835/ERR3414835.fastq.gz	ftp.sra.ebi.ac.uk/vol1/fastq/ERR341/005/ERR3414835/ERR3414835.fastq.gz	fasp.sra.ebi.ac.uk:/vol1/fastq/ERR341/005/ERR3414835/ERR3414835.fastq.gz
SAMEA5754964	ERR3414836	ERX3438361	SAMEA5754964	ERS3558420	PRJEB33339	ERP116123		ERA2029351	UPSC-0153-R0242	UPSC-0153-E0121	UPSC-0153-S0121	UPSC-0153	SINGLE	RANDOM	TRANSCRIPTOMIC	RNA-Seq	P6960_321	Illumina HiSeq 2500	ILLUMINA	631824414.0	12388714.0	3702	Arabidopsis thaliana	P6960_321	Illumina HiSeq 2500 sequencing; Single-end sequencing of Arabidopsis thaliana leaf before and during heat or cold or salt stress in four mediator mutants and WT plants	Specific functions for Mediator complex subunits from different modules in the transcriptional response of Arabidopsis thaliana to abiotic stress	Illumina HiSeq 2500 sequencing; Single-end sequencing of Arabidopsis thaliana leaf before and during heat or cold or salt stress in four mediator mutants and WT plants	WT_SS4_A	04230ccbbbe118571a991450e7d8257c	382637781	ftp.sra.ebi.ac.uk/vol1/fastq/ERR341/006/ERR3414836/ERR3414836.fastq.gz	ftp.sra.ebi.ac.uk/vol1/fastq/ERR341/006/ERR3414836/ERR3414836.fastq.gz	fasp.sra.ebi.ac.uk:/vol1/fastq/ERR341/006/ERR3414836/ERR3414836.fastq.gz
SAMEA5754965	ERR3414837	ERX3438362	SAMEA5754965	ERS3558421	PRJEB33339	ERP116123		ERA2029351	UPSC-0153-R0243	UPSC-0153-E0122	UPSC-0153-S0122	UPSC-0153	SINGLE	RANDOM	TRANSCRIPTOMIC	RNA-Seq	P6960_322	Illumina HiSeq 2500	ILLUMINA	626132508.0	12277108.0	3702	Arabidopsis thaliana	P6960_322	Illumina HiSeq 2500 sequencing; Single-end sequencing of Arabidopsis thaliana leaf before and during heat or cold or salt stress in four mediator mutants and WT plants	Specific functions for Mediator complex subunits from different modules in the transcriptional response of Arabidopsis thaliana to abiotic stress	Illumina HiSeq 2500 sequencing; Single-end sequencing of Arabidopsis thaliana leaf before and during heat or cold or salt stress in four mediator mutants and WT plants	WT_SS4_B	3a2bea2025051251796353a676f9c92d	378023222	ftp.sra.ebi.ac.uk/vol1/fastq/ERR341/007/ERR3414837/ERR3414837.fastq.gz	ftp.sra.ebi.ac.uk/vol1/fastq/ERR341/007/ERR3414837/ERR3414837.fastq.gz	fasp.sra.ebi.ac.uk:/vol1/fastq/ERR341/007/ERR3414837/ERR3414837.fastq.gz
SAMEA5754965	ERR3414838	ERX3438362	SAMEA5754965	ERS3558421	PRJEB33339	ERP116123		ERA2029351	UPSC-0153-R0244	UPSC-0153-E0122	UPSC-0153-S0122	UPSC-0153	SINGLE	RANDOM	TRANSCRIPTOMIC	RNA-Seq	P6960_322	Illumina HiSeq 2500	ILLUMINA	634239009.0	12436059.0	3702	Arabidopsis thaliana	P6960_322	Illumina HiSeq 2500 sequencing; Single-end sequencing of Arabidopsis thaliana leaf before and during heat or cold or salt stress in four mediator mutants and WT plants	Specific functions for Mediator complex subunits from different modules in the transcriptional response of Arabidopsis thaliana to abiotic stress	Illumina HiSeq 2500 sequencing; Single-end sequencing of Arabidopsis thaliana leaf before and during heat or cold or salt stress in four mediator mutants and WT plants	WT_SS4_B	f3f1c13f4c716105883c144d5ea19e1b	379826304	ftp.sra.ebi.ac.uk/vol1/fastq/ERR341/008/ERR3414838/ERR3414838.fastq.gz	ftp.sra.ebi.ac.uk/vol1/fastq/ERR341/008/ERR3414838/ERR3414838.fastq.gz	fasp.sra.ebi.ac.uk:/vol1/fastq/ERR341/008/ERR3414838/ERR3414838.fastq.gz
SAMEA5754966	ERR3414839	ERX3438363	SAMEA5754966	ERS3558422	PRJEB33339	ERP116123		ERA2029351	UPSC-0153-R0245	UPSC-0153-E0123	UPSC-0153-S0123	UPSC-0153	SINGLE	RANDOM	TRANSCRIPTOMIC	RNA-Seq	P6960_323	Illumina HiSeq 2500	ILLUMINA	636042369.0	12471419.0	3702	Arabidopsis thaliana	P6960_323	Illumina HiSeq 2500 sequencing; Single-end sequencing of Arabidopsis thaliana leaf before and during heat or cold or salt stress in four mediator mutants and WT plants	Specific functions for Mediator complex subunits from different modules in the transcriptional response of Arabidopsis thaliana to abiotic stress	Illumina HiSeq 2500 sequencing; Single-end sequencing of Arabidopsis thaliana leaf before and during heat or cold or salt stress in four mediator mutants and WT plants	WT_SS4_C	9b0c216b048ab613fa45dcaf66ed3ac9	378817715	ftp.sra.ebi.ac.uk/vol1/fastq/ERR341/009/ERR3414839/ERR3414839.fastq.gz	ftp.sra.ebi.ac.uk/vol1/fastq/ERR341/009/ERR3414839/ERR3414839.fastq.gz	fasp.sra.ebi.ac.uk:/vol1/fastq/ERR341/009/ERR3414839/ERR3414839.fastq.gz
SAMEA5754966	ERR3414840	ERX3438363	SAMEA5754966	ERS3558422	PRJEB33339	ERP116123		ERA2029351	UPSC-0153-R0246	UPSC-0153-E0123	UPSC-0153-S0123	UPSC-0153	SINGLE	RANDOM	TRANSCRIPTOMIC	RNA-Seq	P6960_323	Illumina HiSeq 2500	ILLUMINA	641788182.0	12584082.0	3702	Arabidopsis thaliana	P6960_323	Illumina HiSeq 2500 sequencing; Single-end sequencing of Arabidopsis thaliana leaf before and during heat or cold or salt stress in four mediator mutants and WT plants	Specific functions for Mediator complex subunits from different modules in the transcriptional response of Arabidopsis thaliana to abiotic stress	Illumina HiSeq 2500 sequencing; Single-end sequencing of Arabidopsis thaliana leaf before and during heat or cold or salt stress in four mediator mutants and WT plants	WT_SS4_C	c72bf524c13d72d37f9327b73aee56f3	379217855	ftp.sra.ebi.ac.uk/vol1/fastq/ERR341/000/ERR3414840/ERR3414840.fastq.gz	ftp.sra.ebi.ac.uk/vol1/fastq/ERR341/000/ERR3414840/ERR3414840.fastq.gz	fasp.sra.ebi.ac.uk:/vol1/fastq/ERR341/000/ERR3414840/ERR3414840.fastq.gz
SAMEA5754967	ERR3414841	ERX3438364	SAMEA5754967	ERS3558423	PRJEB33339	ERP116123		ERA2029351	UPSC-0153-R0247	UPSC-0153-E0124	UPSC-0153-S0124	UPSC-0153	SINGLE	RANDOM	TRANSCRIPTOMIC	RNA-Seq	P6960_324	Illumina HiSeq 2500	ILLUMINA	643077870.0	12609370.0	3702	Arabidopsis thaliana	P6960_324	Illumina HiSeq 2500 sequencing; Single-end sequencing of Arabidopsis thaliana leaf before and during heat or cold or salt stress in four mediator mutants and WT plants	Specific functions for Mediator complex subunits from different modules in the transcriptional response of Arabidopsis thaliana to abiotic stress	Illumina HiSeq 2500 sequencing; Single-end sequencing of Arabidopsis thaliana leaf before and during heat or cold or salt stress in four mediator mutants and WT plants	WT_SS4_D	bfb2f80c28e3bb0a44038928d3f63f77	383988649	ftp.sra.ebi.ac.uk/vol1/fastq/ERR341/001/ERR3414841/ERR3414841.fastq.gz	ftp.sra.ebi.ac.uk/vol1/fastq/ERR341/001/ERR3414841/ERR3414841.fastq.gz	fasp.sra.ebi.ac.uk:/vol1/fastq/ERR341/001/ERR3414841/ERR3414841.fastq.gz
SAMEA5754967	ERR3414842	ERX3438364	SAMEA5754967	ERS3558423	PRJEB33339	ERP116123		ERA2029351	UPSC-0153-R0248	UPSC-0153-E0124	UPSC-0153-S0124	UPSC-0153	SINGLE	RANDOM	TRANSCRIPTOMIC	RNA-Seq	P6960_324	Illumina HiSeq 2500	ILLUMINA	649783452.0	12740852.0	3702	Arabidopsis thaliana	P6960_324	Illumina HiSeq 2500 sequencing; Single-end sequencing of Arabidopsis thaliana leaf before and during heat or cold or salt stress in four mediator mutants and WT plants	Specific functions for Mediator complex subunits from different modules in the transcriptional response of Arabidopsis thaliana to abiotic stress	Illumina HiSeq 2500 sequencing; Single-end sequencing of Arabidopsis thaliana leaf before and during heat or cold or salt stress in four mediator mutants and WT plants	WT_SS4_D	9f52ad8d14d334c617348cf1c4060d43	385140744	ftp.sra.ebi.ac.uk/vol1/fastq/ERR341/002/ERR3414842/ERR3414842.fastq.gz	ftp.sra.ebi.ac.uk/vol1/fastq/ERR341/002/ERR3414842/ERR3414842.fastq.gz	fasp.sra.ebi.ac.uk:/vol1/fastq/ERR341/002/ERR3414842/ERR3414842.fastq.gz
SAMEA5754968	ERR3414843	ERX3438365	SAMEA5754968	ERS3558424	PRJEB33339	ERP116123		ERA2029351	UPSC-0153-R0249	UPSC-0153-E0125	UPSC-0153-S0125	UPSC-0153	SINGLE	RANDOM	TRANSCRIPTOMIC	RNA-Seq	P6960_325	Illumina HiSeq 2500	ILLUMINA	663136017.0	13002667.0	3702	Arabidopsis thaliana	P6960_325	Illumina HiSeq 2500 sequencing; Single-end sequencing of Arabidopsis thaliana leaf before and during heat or cold or salt stress in four mediator mutants and WT plants	Specific functions for Mediator complex subunits from different modules in the transcriptional response of Arabidopsis thaliana to abiotic stress	Illumina HiSeq 2500 sequencing; Single-end sequencing of Arabidopsis thaliana leaf before and during heat or cold or salt stress in four mediator mutants and WT plants	med9_SS4_A	028a0868b2252e062c0f9c7c3fa598ef	400373649	ftp.sra.ebi.ac.uk/vol1/fastq/ERR341/003/ERR3414843/ERR3414843.fastq.gz	ftp.sra.ebi.ac.uk/vol1/fastq/ERR341/003/ERR3414843/ERR3414843.fastq.gz	fasp.sra.ebi.ac.uk:/vol1/fastq/ERR341/003/ERR3414843/ERR3414843.fastq.gz
SAMEA5754968	ERR3414844	ERX3438365	SAMEA5754968	ERS3558424	PRJEB33339	ERP116123		ERA2029351	UPSC-0153-R0250	UPSC-0153-E0125	UPSC-0153-S0125	UPSC-0153	SINGLE	RANDOM	TRANSCRIPTOMIC	RNA-Seq	P6960_325	Illumina HiSeq 2500	ILLUMINA	669309873.0	13123723.0	3702	Arabidopsis thaliana	P6960_325	Illumina HiSeq 2500 sequencing; Single-end sequencing of Arabidopsis thaliana leaf before and during heat or cold or salt stress in four mediator mutants and WT plants	Specific functions for Mediator complex subunits from different modules in the transcriptional response of Arabidopsis thaliana to abiotic stress	Illumina HiSeq 2500 sequencing; Single-end sequencing of Arabidopsis thaliana leaf before and during heat or cold or salt stress in four mediator mutants and WT plants	med9_SS4_A	079eb7d12df9b77c7a76cf046d2cc93a	401260269	ftp.sra.ebi.ac.uk/vol1/fastq/ERR341/004/ERR3414844/ERR3414844.fastq.gz	ftp.sra.ebi.ac.uk/vol1/fastq/ERR341/004/ERR3414844/ERR3414844.fastq.gz	fasp.sra.ebi.ac.uk:/vol1/fastq/ERR341/004/ERR3414844/ERR3414844.fastq.gz
SAMEA5754969	ERR3414845	ERX3438366	SAMEA5754969	ERS3558425	PRJEB33339	ERP116123		ERA2029351	UPSC-0153-R0251	UPSC-0153-E0126	UPSC-0153-S0126	UPSC-0153	SINGLE	RANDOM	TRANSCRIPTOMIC	RNA-Seq	P6960_326	Illumina HiSeq 2500	ILLUMINA	637300641.0	12496091.0	3702	Arabidopsis thaliana	P6960_326	Illumina HiSeq 2500 sequencing; Single-end sequencing of Arabidopsis thaliana leaf before and during heat or cold or salt stress in four mediator mutants and WT plants	Specific functions for Mediator complex subunits from different modules in the transcriptional response of Arabidopsis thaliana to abiotic stress	Illumina HiSeq 2500 sequencing; Single-end sequencing of Arabidopsis thaliana leaf before and during heat or cold or salt stress in four mediator mutants and WT plants	med9_SS4_B	cb32232c8268db1c5385427d1220aab1	389472822	ftp.sra.ebi.ac.uk/vol1/fastq/ERR341/005/ERR3414845/ERR3414845.fastq.gz	ftp.sra.ebi.ac.uk/vol1/fastq/ERR341/005/ERR3414845/ERR3414845.fastq.gz	fasp.sra.ebi.ac.uk:/vol1/fastq/ERR341/005/ERR3414845/ERR3414845.fastq.gz
SAMEA5754969	ERR3414846	ERX3438366	SAMEA5754969	ERS3558425	PRJEB33339	ERP116123		ERA2029351	UPSC-0153-R0252	UPSC-0153-E0126	UPSC-0153-S0126	UPSC-0153	SINGLE	RANDOM	TRANSCRIPTOMIC	RNA-Seq	P6960_326	Illumina HiSeq 2500	ILLUMINA	643208022.0	12611922.0	3702	Arabidopsis thaliana	P6960_326	Illumina HiSeq 2500 sequencing; Single-end sequencing of Arabidopsis thaliana leaf before and during heat or cold or salt stress in four mediator mutants and WT plants	Specific functions for Mediator complex subunits from different modules in the transcriptional response of Arabidopsis thaliana to abiotic stress	Illumina HiSeq 2500 sequencing; Single-end sequencing of Arabidopsis thaliana leaf before and during heat or cold or salt stress in four mediator mutants and WT plants	med9_SS4_B	f75c476f6ed40dc2bb3ea9ed7fae8cb0	390281524	ftp.sra.ebi.ac.uk/vol1/fastq/ERR341/006/ERR3414846/ERR3414846.fastq.gz	ftp.sra.ebi.ac.uk/vol1/fastq/ERR341/006/ERR3414846/ERR3414846.fastq.gz	fasp.sra.ebi.ac.uk:/vol1/fastq/ERR341/006/ERR3414846/ERR3414846.fastq.gz
SAMEA5754970	ERR3414847	ERX3438367	SAMEA5754970	ERS3558426	PRJEB33339	ERP116123		ERA2029351	UPSC-0153-R0253	UPSC-0153-E0127	UPSC-0153-S0127	UPSC-0153	SINGLE	RANDOM	TRANSCRIPTOMIC	RNA-Seq	P6960_327	Illumina HiSeq 2500	ILLUMINA	707413197.0	13870847.0	3702	Arabidopsis thaliana	P6960_327	Illumina HiSeq 2500 sequencing; Single-end sequencing of Arabidopsis thaliana leaf before and during heat or cold or salt stress in four mediator mutants and WT plants	Specific functions for Mediator complex subunits from different modules in the transcriptional response of Arabidopsis thaliana to abiotic stress	Illumina HiSeq 2500 sequencing; Single-end sequencing of Arabidopsis thaliana leaf before and during heat or cold or salt stress in four mediator mutants and WT plants	med9_SS4_C	f829fb31e6fc31ba47b14530b53d3ad8	420495750	ftp.sra.ebi.ac.uk/vol1/fastq/ERR341/007/ERR3414847/ERR3414847.fastq.gz	ftp.sra.ebi.ac.uk/vol1/fastq/ERR341/007/ERR3414847/ERR3414847.fastq.gz	fasp.sra.ebi.ac.uk:/vol1/fastq/ERR341/007/ERR3414847/ERR3414847.fastq.gz
SAMEA5754970	ERR3414848	ERX3438367	SAMEA5754970	ERS3558426	PRJEB33339	ERP116123		ERA2029351	UPSC-0153-R0254	UPSC-0153-E0127	UPSC-0153-S0127	UPSC-0153	SINGLE	RANDOM	TRANSCRIPTOMIC	RNA-Seq	P6960_327	Illumina HiSeq 2500	ILLUMINA	712444806.0	13969506.0	3702	Arabidopsis thaliana	P6960_327	Illumina HiSeq 2500 sequencing; Single-end sequencing of Arabidopsis thaliana leaf before and during heat or cold or salt stress in four mediator mutants and WT plants	Specific functions for Mediator complex subunits from different modules in the transcriptional response of Arabidopsis thaliana to abiotic stress	Illumina HiSeq 2500 sequencing; Single-end sequencing of Arabidopsis thaliana leaf before and during heat or cold or salt stress in four mediator mutants and WT plants	med9_SS4_C	492d93a0da319b8f1c21a7becc2a3a3a	420364846	ftp.sra.ebi.ac.uk/vol1/fastq/ERR341/008/ERR3414848/ERR3414848.fastq.gz	ftp.sra.ebi.ac.uk/vol1/fastq/ERR341/008/ERR3414848/ERR3414848.fastq.gz	fasp.sra.ebi.ac.uk:/vol1/fastq/ERR341/008/ERR3414848/ERR3414848.fastq.gz
SAMEA5754971	ERR3414849	ERX3438368	SAMEA5754971	ERS3558427	PRJEB33339	ERP116123		ERA2029351	UPSC-0153-R0255	UPSC-0153-E0128	UPSC-0153-S0128	UPSC-0153	SINGLE	RANDOM	TRANSCRIPTOMIC	RNA-Seq	P6960_328	Illumina HiSeq 2500	ILLUMINA	750322251.0	14712201.0	3702	Arabidopsis thaliana	P6960_328	Illumina HiSeq 2500 sequencing; Single-end sequencing of Arabidopsis thaliana leaf before and during heat or cold or salt stress in four mediator mutants and WT plants	Specific functions for Mediator complex subunits from different modules in the transcriptional response of Arabidopsis thaliana to abiotic stress	Illumina HiSeq 2500 sequencing; Single-end sequencing of Arabidopsis thaliana leaf before and during heat or cold or salt stress in four mediator mutants and WT plants	med9_SS4_D	c3811ee774b01b058567118c7031c7aa	443963701	ftp.sra.ebi.ac.uk/vol1/fastq/ERR341/009/ERR3414849/ERR3414849.fastq.gz	ftp.sra.ebi.ac.uk/vol1/fastq/ERR341/009/ERR3414849/ERR3414849.fastq.gz	fasp.sra.ebi.ac.uk:/vol1/fastq/ERR341/009/ERR3414849/ERR3414849.fastq.gz
SAMEA5754971	ERR3414850	ERX3438368	SAMEA5754971	ERS3558427	PRJEB33339	ERP116123		ERA2029351	UPSC-0153-R0256	UPSC-0153-E0128	UPSC-0153-S0128	UPSC-0153	SINGLE	RANDOM	TRANSCRIPTOMIC	RNA-Seq	P6960_328	Illumina HiSeq 2500	ILLUMINA	757298694.0	14848994.0	3702	Arabidopsis thaliana	P6960_328	Illumina HiSeq 2500 sequencing; Single-end sequencing of Arabidopsis thaliana leaf before and during heat or cold or salt stress in four mediator mutants and WT plants	Specific functions for Mediator complex subunits from different modules in the transcriptional response of Arabidopsis thaliana to abiotic stress	Illumina HiSeq 2500 sequencing; Single-end sequencing of Arabidopsis thaliana leaf before and during heat or cold or salt stress in four mediator mutants and WT plants	med9_SS4_D	0f694f2f43aa1421ff1cd137203d1fde	444485137	ftp.sra.ebi.ac.uk/vol1/fastq/ERR341/000/ERR3414850/ERR3414850.fastq.gz	ftp.sra.ebi.ac.uk/vol1/fastq/ERR341/000/ERR3414850/ERR3414850.fastq.gz	fasp.sra.ebi.ac.uk:/vol1/fastq/ERR341/000/ERR3414850/ERR3414850.fastq.gz
SAMEA5754972	ERR3414851	ERX3438369	SAMEA5754972	ERS3558428	PRJEB33339	ERP116123		ERA2029351	UPSC-0153-R0257	UPSC-0153-E0129	UPSC-0153-S0129	UPSC-0153	SINGLE	RANDOM	TRANSCRIPTOMIC	RNA-Seq	P6960_329	Illumina HiSeq 2500	ILLUMINA	643470825.0	12617075.0	3702	Arabidopsis thaliana	P6960_329	Illumina HiSeq 2500 sequencing; Single-end sequencing of Arabidopsis thaliana leaf before and during heat or cold or salt stress in four mediator mutants and WT plants	Specific functions for Mediator complex subunits from different modules in the transcriptional response of Arabidopsis thaliana to abiotic stress	Illumina HiSeq 2500 sequencing; Single-end sequencing of Arabidopsis thaliana leaf before and during heat or cold or salt stress in four mediator mutants and WT plants	med16_SS4_A	3b191e13552e348b71b2ad5f5a2f327a	391883154	ftp.sra.ebi.ac.uk/vol1/fastq/ERR341/001/ERR3414851/ERR3414851.fastq.gz	ftp.sra.ebi.ac.uk/vol1/fastq/ERR341/001/ERR3414851/ERR3414851.fastq.gz	fasp.sra.ebi.ac.uk:/vol1/fastq/ERR341/001/ERR3414851/ERR3414851.fastq.gz
SAMEA5754972	ERR3414852	ERX3438369	SAMEA5754972	ERS3558428	PRJEB33339	ERP116123		ERA2029351	UPSC-0153-R0258	UPSC-0153-E0129	UPSC-0153-S0129	UPSC-0153	SINGLE	RANDOM	TRANSCRIPTOMIC	RNA-Seq	P6960_329	Illumina HiSeq 2500	ILLUMINA	648238254.0	12710554.0	3702	Arabidopsis thaliana	P6960_329	Illumina HiSeq 2500 sequencing; Single-end sequencing of Arabidopsis thaliana leaf before and during heat or cold or salt stress in four mediator mutants and WT plants	Specific functions for Mediator complex subunits from different modules in the transcriptional response of Arabidopsis thaliana to abiotic stress	Illumina HiSeq 2500 sequencing; Single-end sequencing of Arabidopsis thaliana leaf before and during heat or cold or salt stress in four mediator mutants and WT plants	med16_SS4_A	d0c96e3c2c52341471032fc1c5affd2d	391750976	ftp.sra.ebi.ac.uk/vol1/fastq/ERR341/002/ERR3414852/ERR3414852.fastq.gz	ftp.sra.ebi.ac.uk/vol1/fastq/ERR341/002/ERR3414852/ERR3414852.fastq.gz	fasp.sra.ebi.ac.uk:/vol1/fastq/ERR341/002/ERR3414852/ERR3414852.fastq.gz
SAMEA5754973	ERR3414853	ERX3438370	SAMEA5754973	ERS3558429	PRJEB33339	ERP116123		ERA2029351	UPSC-0153-R0259	UPSC-0153-E0130	UPSC-0153-S0130	UPSC-0153	SINGLE	RANDOM	TRANSCRIPTOMIC	RNA-Seq	P6960_330	Illumina HiSeq 2500	ILLUMINA	662673345.0	12993595.0	3702	Arabidopsis thaliana	P6960_330	Illumina HiSeq 2500 sequencing; Single-end sequencing of Arabidopsis thaliana leaf before and during heat or cold or salt stress in four mediator mutants and WT plants	Specific functions for Mediator complex subunits from different modules in the transcriptional response of Arabidopsis thaliana to abiotic stress	Illumina HiSeq 2500 sequencing; Single-end sequencing of Arabidopsis thaliana leaf before and during heat or cold or salt stress in four mediator mutants and WT plants	med16_SS4_B	2863af6a282e00f2fd2c5a07c1fcbc3a	407899713	ftp.sra.ebi.ac.uk/vol1/fastq/ERR341/003/ERR3414853/ERR3414853.fastq.gz	ftp.sra.ebi.ac.uk/vol1/fastq/ERR341/003/ERR3414853/ERR3414853.fastq.gz	fasp.sra.ebi.ac.uk:/vol1/fastq/ERR341/003/ERR3414853/ERR3414853.fastq.gz
SAMEA5754973	ERR3414854	ERX3438370	SAMEA5754973	ERS3558429	PRJEB33339	ERP116123		ERA2029351	UPSC-0153-R0260	UPSC-0153-E0130	UPSC-0153-S0130	UPSC-0153	SINGLE	RANDOM	TRANSCRIPTOMIC	RNA-Seq	P6960_330	Illumina HiSeq 2500	ILLUMINA	667621671.0	13090621.0	3702	Arabidopsis thaliana	P6960_330	Illumina HiSeq 2500 sequencing; Single-end sequencing of Arabidopsis thaliana leaf before and during heat or cold or salt stress in four mediator mutants and WT plants	Specific functions for Mediator complex subunits from different modules in the transcriptional response of Arabidopsis thaliana to abiotic stress	Illumina HiSeq 2500 sequencing; Single-end sequencing of Arabidopsis thaliana leaf before and during heat or cold or salt stress in four mediator mutants and WT plants	med16_SS4_B	96559f000c249fae44a210bbcfadffc0	407906155	ftp.sra.ebi.ac.uk/vol1/fastq/ERR341/004/ERR3414854/ERR3414854.fastq.gz	ftp.sra.ebi.ac.uk/vol1/fastq/ERR341/004/ERR3414854/ERR3414854.fastq.gz	fasp.sra.ebi.ac.uk:/vol1/fastq/ERR341/004/ERR3414854/ERR3414854.fastq.gz
SAMEA5754974	ERR3414855	ERX3438371	SAMEA5754974	ERS3558430	PRJEB33339	ERP116123		ERA2029351	UPSC-0153-R0261	UPSC-0153-E0131	UPSC-0153-S0131	UPSC-0153	SINGLE	RANDOM	TRANSCRIPTOMIC	RNA-Seq	P6960_331	Illumina HiSeq 2500	ILLUMINA	565637022.0	11090922.0	3702	Arabidopsis thaliana	P6960_331	Illumina HiSeq 2500 sequencing; Single-end sequencing of Arabidopsis thaliana leaf before and during heat or cold or salt stress in four mediator mutants and WT plants	Specific functions for Mediator complex subunits from different modules in the transcriptional response of Arabidopsis thaliana to abiotic stress	Illumina HiSeq 2500 sequencing; Single-end sequencing of Arabidopsis thaliana leaf before and during heat or cold or salt stress in four mediator mutants and WT plants	med16_SS4_C	c127d05ac578edd5f88f7758dddf3c14	341125845	ftp.sra.ebi.ac.uk/vol1/fastq/ERR341/005/ERR3414855/ERR3414855.fastq.gz	ftp.sra.ebi.ac.uk/vol1/fastq/ERR341/005/ERR3414855/ERR3414855.fastq.gz	fasp.sra.ebi.ac.uk:/vol1/fastq/ERR341/005/ERR3414855/ERR3414855.fastq.gz
SAMEA5754974	ERR3414856	ERX3438371	SAMEA5754974	ERS3558430	PRJEB33339	ERP116123		ERA2029351	UPSC-0153-R0262	UPSC-0153-E0131	UPSC-0153-S0131	UPSC-0153	SINGLE	RANDOM	TRANSCRIPTOMIC	RNA-Seq	P6960_331	Illumina HiSeq 2500	ILLUMINA	569949225.0	11175475.0	3702	Arabidopsis thaliana	P6960_331	Illumina HiSeq 2500 sequencing; Single-end sequencing of Arabidopsis thaliana leaf before and during heat or cold or salt stress in four mediator mutants and WT plants	Specific functions for Mediator complex subunits from different modules in the transcriptional response of Arabidopsis thaliana to abiotic stress	Illumina HiSeq 2500 sequencing; Single-end sequencing of Arabidopsis thaliana leaf before and during heat or cold or salt stress in four mediator mutants and WT plants	med16_SS4_C	4ba9abe4bbf3a2740ce4fb22c930e096	341195482	ftp.sra.ebi.ac.uk/vol1/fastq/ERR341/006/ERR3414856/ERR3414856.fastq.gz	ftp.sra.ebi.ac.uk/vol1/fastq/ERR341/006/ERR3414856/ERR3414856.fastq.gz	fasp.sra.ebi.ac.uk:/vol1/fastq/ERR341/006/ERR3414856/ERR3414856.fastq.gz
SAMEA5754975	ERR3414857	ERX3438372	SAMEA5754975	ERS3558431	PRJEB33339	ERP116123		ERA2029351	UPSC-0153-R0263	UPSC-0153-E0132	UPSC-0153-S0132	UPSC-0153	SINGLE	RANDOM	TRANSCRIPTOMIC	RNA-Seq	P6960_332	Illumina HiSeq 2500	ILLUMINA	582372060.0	11419060.0	3702	Arabidopsis thaliana	P6960_332	Illumina HiSeq 2500 sequencing; Single-end sequencing of Arabidopsis thaliana leaf before and during heat or cold or salt stress in four mediator mutants and WT plants	Specific functions for Mediator complex subunits from different modules in the transcriptional response of Arabidopsis thaliana to abiotic stress	Illumina HiSeq 2500 sequencing; Single-end sequencing of Arabidopsis thaliana leaf before and during heat or cold or salt stress in four mediator mutants and WT plants	med16_SS4_D	5df2d2092d03b66daa21e3fe19263e09	359040102	ftp.sra.ebi.ac.uk/vol1/fastq/ERR341/007/ERR3414857/ERR3414857.fastq.gz	ftp.sra.ebi.ac.uk/vol1/fastq/ERR341/007/ERR3414857/ERR3414857.fastq.gz	fasp.sra.ebi.ac.uk:/vol1/fastq/ERR341/007/ERR3414857/ERR3414857.fastq.gz
SAMEA5754975	ERR3414858	ERX3438372	SAMEA5754975	ERS3558431	PRJEB33339	ERP116123		ERA2029351	UPSC-0153-R0264	UPSC-0153-E0132	UPSC-0153-S0132	UPSC-0153	SINGLE	RANDOM	TRANSCRIPTOMIC	RNA-Seq	P6960_332	Illumina HiSeq 2500	ILLUMINA	586623063.0	11502413.0	3702	Arabidopsis thaliana	P6960_332	Illumina HiSeq 2500 sequencing; Single-end sequencing of Arabidopsis thaliana leaf before and during heat or cold or salt stress in four mediator mutants and WT plants	Specific functions for Mediator complex subunits from different modules in the transcriptional response of Arabidopsis thaliana to abiotic stress	Illumina HiSeq 2500 sequencing; Single-end sequencing of Arabidopsis thaliana leaf before and during heat or cold or salt stress in four mediator mutants and WT plants	med16_SS4_D	d22fee334298ef2996f965c39fb0b28a	359001597	ftp.sra.ebi.ac.uk/vol1/fastq/ERR341/008/ERR3414858/ERR3414858.fastq.gz	ftp.sra.ebi.ac.uk/vol1/fastq/ERR341/008/ERR3414858/ERR3414858.fastq.gz	fasp.sra.ebi.ac.uk:/vol1/fastq/ERR341/008/ERR3414858/ERR3414858.fastq.gz
SAMEA5754976	ERR3414859	ERX3438373	SAMEA5754976	ERS3558432	PRJEB33339	ERP116123		ERA2029351	UPSC-0153-R0265	UPSC-0153-E0133	UPSC-0153-S0133	UPSC-0153	SINGLE	RANDOM	TRANSCRIPTOMIC	RNA-Seq	P6960_333	Illumina HiSeq 2500	ILLUMINA	668020695.0	13098445.0	3702	Arabidopsis thaliana	P6960_333	Illumina HiSeq 2500 sequencing; Single-end sequencing of Arabidopsis thaliana leaf before and during heat or cold or salt stress in four mediator mutants and WT plants	Specific functions for Mediator complex subunits from different modules in the transcriptional response of Arabidopsis thaliana to abiotic stress	Illumina HiSeq 2500 sequencing; Single-end sequencing of Arabidopsis thaliana leaf before and during heat or cold or salt stress in four mediator mutants and WT plants	med18_SS4_A	26101c3d6c3c13130b5cf72d3bb06725	407064327	ftp.sra.ebi.ac.uk/vol1/fastq/ERR341/009/ERR3414859/ERR3414859.fastq.gz	ftp.sra.ebi.ac.uk/vol1/fastq/ERR341/009/ERR3414859/ERR3414859.fastq.gz	fasp.sra.ebi.ac.uk:/vol1/fastq/ERR341/009/ERR3414859/ERR3414859.fastq.gz
SAMEA5754976	ERR3414860	ERX3438373	SAMEA5754976	ERS3558432	PRJEB33339	ERP116123		ERA2029351	UPSC-0153-R0266	UPSC-0153-E0133	UPSC-0153-S0133	UPSC-0153	SINGLE	RANDOM	TRANSCRIPTOMIC	RNA-Seq	P6960_333	Illumina HiSeq 2500	ILLUMINA	673046184.0	13196984.0	3702	Arabidopsis thaliana	P6960_333	Illumina HiSeq 2500 sequencing; Single-end sequencing of Arabidopsis thaliana leaf before and during heat or cold or salt stress in four mediator mutants and WT plants	Specific functions for Mediator complex subunits from different modules in the transcriptional response of Arabidopsis thaliana to abiotic stress	Illumina HiSeq 2500 sequencing; Single-end sequencing of Arabidopsis thaliana leaf before and during heat or cold or salt stress in four mediator mutants and WT plants	med18_SS4_A	b05f7a6c5ec1d89ed43b0ce7d2cd3def	407095286	ftp.sra.ebi.ac.uk/vol1/fastq/ERR341/000/ERR3414860/ERR3414860.fastq.gz	ftp.sra.ebi.ac.uk/vol1/fastq/ERR341/000/ERR3414860/ERR3414860.fastq.gz	fasp.sra.ebi.ac.uk:/vol1/fastq/ERR341/000/ERR3414860/ERR3414860.fastq.gz
SAMEA5754977	ERR3414861	ERX3438374	SAMEA5754977	ERS3558433	PRJEB33339	ERP116123		ERA2029351	UPSC-0153-R0267	UPSC-0153-E0134	UPSC-0153-S0134	UPSC-0153	SINGLE	RANDOM	TRANSCRIPTOMIC	RNA-Seq	P6960_334	Illumina HiSeq 2500	ILLUMINA	684423162.0	13420062.0	3702	Arabidopsis thaliana	P6960_334	Illumina HiSeq 2500 sequencing; Single-end sequencing of Arabidopsis thaliana leaf before and during heat or cold or salt stress in four mediator mutants and WT plants	Specific functions for Mediator complex subunits from different modules in the transcriptional response of Arabidopsis thaliana to abiotic stress	Illumina HiSeq 2500 sequencing; Single-end sequencing of Arabidopsis thaliana leaf before and during heat or cold or salt stress in four mediator mutants and WT plants	med18_SS4_B	59afa48869fbeaf83f10a2126ff67d98	411677081	ftp.sra.ebi.ac.uk/vol1/fastq/ERR341/001/ERR3414861/ERR3414861.fastq.gz	ftp.sra.ebi.ac.uk/vol1/fastq/ERR341/001/ERR3414861/ERR3414861.fastq.gz	fasp.sra.ebi.ac.uk:/vol1/fastq/ERR341/001/ERR3414861/ERR3414861.fastq.gz
SAMEA5754977	ERR3414862	ERX3438374	SAMEA5754977	ERS3558433	PRJEB33339	ERP116123		ERA2029351	UPSC-0153-R0268	UPSC-0153-E0134	UPSC-0153-S0134	UPSC-0153	SINGLE	RANDOM	TRANSCRIPTOMIC	RNA-Seq	P6960_334	Illumina HiSeq 2500	ILLUMINA	689699571.0	13523521.0	3702	Arabidopsis thaliana	P6960_334	Illumina HiSeq 2500 sequencing; Single-end sequencing of Arabidopsis thaliana leaf before and during heat or cold or salt stress in four mediator mutants and WT plants	Specific functions for Mediator complex subunits from different modules in the transcriptional response of Arabidopsis thaliana to abiotic stress	Illumina HiSeq 2500 sequencing; Single-end sequencing of Arabidopsis thaliana leaf before and during heat or cold or salt stress in four mediator mutants and WT plants	med18_SS4_B	3435f453f88814e67925995050703488	411795449	ftp.sra.ebi.ac.uk/vol1/fastq/ERR341/002/ERR3414862/ERR3414862.fastq.gz	ftp.sra.ebi.ac.uk/vol1/fastq/ERR341/002/ERR3414862/ERR3414862.fastq.gz	fasp.sra.ebi.ac.uk:/vol1/fastq/ERR341/002/ERR3414862/ERR3414862.fastq.gz
SAMEA5754978	ERR3414863	ERX3438375	SAMEA5754978	ERS3558434	PRJEB33339	ERP116123		ERA2029351	UPSC-0153-R0269	UPSC-0153-E0135	UPSC-0153-S0135	UPSC-0153	SINGLE	RANDOM	TRANSCRIPTOMIC	RNA-Seq	P6960_335	Illumina HiSeq 2500	ILLUMINA	706524828.0	13853428.0	3702	Arabidopsis thaliana	P6960_335	Illumina HiSeq 2500 sequencing; Single-end sequencing of Arabidopsis thaliana leaf before and during heat or cold or salt stress in four mediator mutants and WT plants	Specific functions for Mediator complex subunits from different modules in the transcriptional response of Arabidopsis thaliana to abiotic stress	Illumina HiSeq 2500 sequencing; Single-end sequencing of Arabidopsis thaliana leaf before and during heat or cold or salt stress in four mediator mutants and WT plants	med18_SS4_C	914f431af7c40538c20acf9a67f960a5	433204769	ftp.sra.ebi.ac.uk/vol1/fastq/ERR341/003/ERR3414863/ERR3414863.fastq.gz	ftp.sra.ebi.ac.uk/vol1/fastq/ERR341/003/ERR3414863/ERR3414863.fastq.gz	fasp.sra.ebi.ac.uk:/vol1/fastq/ERR341/003/ERR3414863/ERR3414863.fastq.gz
SAMEA5754978	ERR3414864	ERX3438375	SAMEA5754978	ERS3558434	PRJEB33339	ERP116123		ERA2029351	UPSC-0153-R0270	UPSC-0153-E0135	UPSC-0153-S0135	UPSC-0153	SINGLE	RANDOM	TRANSCRIPTOMIC	RNA-Seq	P6960_335	Illumina HiSeq 2500	ILLUMINA	709861656.0	13918856.0	3702	Arabidopsis thaliana	P6960_335	Illumina HiSeq 2500 sequencing; Single-end sequencing of Arabidopsis thaliana leaf before and during heat or cold or salt stress in four mediator mutants and WT plants	Specific functions for Mediator complex subunits from different modules in the transcriptional response of Arabidopsis thaliana to abiotic stress	Illumina HiSeq 2500 sequencing; Single-end sequencing of Arabidopsis thaliana leaf before and during heat or cold or salt stress in four mediator mutants and WT plants	med18_SS4_C	eaa067a914f166f97bc5109212c57f97	432279864	ftp.sra.ebi.ac.uk/vol1/fastq/ERR341/004/ERR3414864/ERR3414864.fastq.gz	ftp.sra.ebi.ac.uk/vol1/fastq/ERR341/004/ERR3414864/ERR3414864.fastq.gz	fasp.sra.ebi.ac.uk:/vol1/fastq/ERR341/004/ERR3414864/ERR3414864.fastq.gz
SAMEA5754979	ERR3414865	ERX3438376	SAMEA5754979	ERS3558435	PRJEB33339	ERP116123		ERA2029351	UPSC-0153-R0271	UPSC-0153-E0136	UPSC-0153-S0136	UPSC-0153	SINGLE	RANDOM	TRANSCRIPTOMIC	RNA-Seq	P6960_336	Illumina HiSeq 2500	ILLUMINA	625589766.0	12266466.0	3702	Arabidopsis thaliana	P6960_336	Illumina HiSeq 2500 sequencing; Single-end sequencing of Arabidopsis thaliana leaf before and during heat or cold or salt stress in four mediator mutants and WT plants	Specific functions for Mediator complex subunits from different modules in the transcriptional response of Arabidopsis thaliana to abiotic stress	Illumina HiSeq 2500 sequencing; Single-end sequencing of Arabidopsis thaliana leaf before and during heat or cold or salt stress in four mediator mutants and WT plants	med18_SS4_D	78aeb6ba32bc56a462b242b7127d7f6e	384867192	ftp.sra.ebi.ac.uk/vol1/fastq/ERR341/005/ERR3414865/ERR3414865.fastq.gz	ftp.sra.ebi.ac.uk/vol1/fastq/ERR341/005/ERR3414865/ERR3414865.fastq.gz	fasp.sra.ebi.ac.uk:/vol1/fastq/ERR341/005/ERR3414865/ERR3414865.fastq.gz
SAMEA5754979	ERR3414866	ERX3438376	SAMEA5754979	ERS3558435	PRJEB33339	ERP116123		ERA2029351	UPSC-0153-R0272	UPSC-0153-E0136	UPSC-0153-S0136	UPSC-0153	SINGLE	RANDOM	TRANSCRIPTOMIC	RNA-Seq	P6960_336	Illumina HiSeq 2500	ILLUMINA	629823837.0	12349487.0	3702	Arabidopsis thaliana	P6960_336	Illumina HiSeq 2500 sequencing; Single-end sequencing of Arabidopsis thaliana leaf before and during heat or cold or salt stress in four mediator mutants and WT plants	Specific functions for Mediator complex subunits from different modules in the transcriptional response of Arabidopsis thaliana to abiotic stress	Illumina HiSeq 2500 sequencing; Single-end sequencing of Arabidopsis thaliana leaf before and during heat or cold or salt stress in four mediator mutants and WT plants	med18_SS4_D	0c7b45f1a45cad53035fcdbb5ab96f7e	384515018	ftp.sra.ebi.ac.uk/vol1/fastq/ERR341/006/ERR3414866/ERR3414866.fastq.gz	ftp.sra.ebi.ac.uk/vol1/fastq/ERR341/006/ERR3414866/ERR3414866.fastq.gz	fasp.sra.ebi.ac.uk:/vol1/fastq/ERR341/006/ERR3414866/ERR3414866.fastq.gz
SAMEA5754980	ERR3414867	ERX3438377	SAMEA5754980	ERS3558436	PRJEB33339	ERP116123		ERA2029351	UPSC-0153-R0273	UPSC-0153-E0137	UPSC-0153-S0137	UPSC-0153	SINGLE	RANDOM	TRANSCRIPTOMIC	RNA-Seq	P6960_337	Illumina HiSeq 2500	ILLUMINA	687625350.0	13482850.0	3702	Arabidopsis thaliana	P6960_337	Illumina HiSeq 2500 sequencing; Single-end sequencing of Arabidopsis thaliana leaf before and during heat or cold or salt stress in four mediator mutants and WT plants	Specific functions for Mediator complex subunits from different modules in the transcriptional response of Arabidopsis thaliana to abiotic stress	Illumina HiSeq 2500 sequencing; Single-end sequencing of Arabidopsis thaliana leaf before and during heat or cold or salt stress in four mediator mutants and WT plants	cdk8_SS4_A	a8b5754cae2007fb15a2c376ceb7bc60	421933991	ftp.sra.ebi.ac.uk/vol1/fastq/ERR341/007/ERR3414867/ERR3414867.fastq.gz	ftp.sra.ebi.ac.uk/vol1/fastq/ERR341/007/ERR3414867/ERR3414867.fastq.gz	fasp.sra.ebi.ac.uk:/vol1/fastq/ERR341/007/ERR3414867/ERR3414867.fastq.gz
SAMEA5754980	ERR3414868	ERX3438377	SAMEA5754980	ERS3558436	PRJEB33339	ERP116123		ERA2029351	UPSC-0153-R0274	UPSC-0153-E0137	UPSC-0153-S0137	UPSC-0153	SINGLE	RANDOM	TRANSCRIPTOMIC	RNA-Seq	P6960_337	Illumina HiSeq 2500	ILLUMINA	691566222.0	13560122.0	3702	Arabidopsis thaliana	P6960_337	Illumina HiSeq 2500 sequencing; Single-end sequencing of Arabidopsis thaliana leaf before and during heat or cold or salt stress in four mediator mutants and WT plants	Specific functions for Mediator complex subunits from different modules in the transcriptional response of Arabidopsis thaliana to abiotic stress	Illumina HiSeq 2500 sequencing; Single-end sequencing of Arabidopsis thaliana leaf before and during heat or cold or salt stress in four mediator mutants and WT plants	cdk8_SS4_A	2f766a1627c99927feb39b26e93902e7	420997161	ftp.sra.ebi.ac.uk/vol1/fastq/ERR341/008/ERR3414868/ERR3414868.fastq.gz	ftp.sra.ebi.ac.uk/vol1/fastq/ERR341/008/ERR3414868/ERR3414868.fastq.gz	fasp.sra.ebi.ac.uk:/vol1/fastq/ERR341/008/ERR3414868/ERR3414868.fastq.gz
SAMEA5754981	ERR3414869	ERX3438378	SAMEA5754981	ERS3558437	PRJEB33339	ERP116123		ERA2029351	UPSC-0153-R0275	UPSC-0153-E0138	UPSC-0153-S0138	UPSC-0153	SINGLE	RANDOM	TRANSCRIPTOMIC	RNA-Seq	P6960_338	Illumina HiSeq 2500	ILLUMINA	681351177.0	13359827.0	3702	Arabidopsis thaliana	P6960_338	Illumina HiSeq 2500 sequencing; Single-end sequencing of Arabidopsis thaliana leaf before and during heat or cold or salt stress in four mediator mutants and WT plants	Specific functions for Mediator complex subunits from different modules in the transcriptional response of Arabidopsis thaliana to abiotic stress	Illumina HiSeq 2500 sequencing; Single-end sequencing of Arabidopsis thaliana leaf before and during heat or cold or salt stress in four mediator mutants and WT plants	cdk8_SS4_B	2e4df06e6ab94a21b2c19612f93bd6b5	414790065	ftp.sra.ebi.ac.uk/vol1/fastq/ERR341/009/ERR3414869/ERR3414869.fastq.gz	ftp.sra.ebi.ac.uk/vol1/fastq/ERR341/009/ERR3414869/ERR3414869.fastq.gz	fasp.sra.ebi.ac.uk:/vol1/fastq/ERR341/009/ERR3414869/ERR3414869.fastq.gz
SAMEA5754981	ERR3414870	ERX3438378	SAMEA5754981	ERS3558437	PRJEB33339	ERP116123		ERA2029351	UPSC-0153-R0276	UPSC-0153-E0138	UPSC-0153-S0138	UPSC-0153	SINGLE	RANDOM	TRANSCRIPTOMIC	RNA-Seq	P6960_338	Illumina HiSeq 2500	ILLUMINA	685533024.0	13441824.0	3702	Arabidopsis thaliana	P6960_338	Illumina HiSeq 2500 sequencing; Single-end sequencing of Arabidopsis thaliana leaf before and during heat or cold or salt stress in four mediator mutants and WT plants	Specific functions for Mediator complex subunits from different modules in the transcriptional response of Arabidopsis thaliana to abiotic stress	Illumina HiSeq 2500 sequencing; Single-end sequencing of Arabidopsis thaliana leaf before and during heat or cold or salt stress in four mediator mutants and WT plants	cdk8_SS4_B	dfbaed0dbbfae056503935c56bb67b9c	414277208	ftp.sra.ebi.ac.uk/vol1/fastq/ERR341/000/ERR3414870/ERR3414870.fastq.gz	ftp.sra.ebi.ac.uk/vol1/fastq/ERR341/000/ERR3414870/ERR3414870.fastq.gz	fasp.sra.ebi.ac.uk:/vol1/fastq/ERR341/000/ERR3414870/ERR3414870.fastq.gz
SAMEA5754982	ERR3414871	ERX3438379	SAMEA5754982	ERS3558438	PRJEB33339	ERP116123		ERA2029351	UPSC-0153-R0277	UPSC-0153-E0139	UPSC-0153-S0139	UPSC-0153	SINGLE	RANDOM	TRANSCRIPTOMIC	RNA-Seq	P6960_339	Illumina HiSeq 2500	ILLUMINA	679930725.0	13331975.0	3702	Arabidopsis thaliana	P6960_339	Illumina HiSeq 2500 sequencing; Single-end sequencing of Arabidopsis thaliana leaf before and during heat or cold or salt stress in four mediator mutants and WT plants	Specific functions for Mediator complex subunits from different modules in the transcriptional response of Arabidopsis thaliana to abiotic stress	Illumina HiSeq 2500 sequencing; Single-end sequencing of Arabidopsis thaliana leaf before and during heat or cold or salt stress in four mediator mutants and WT plants	cdk8_SS4_C	ca9257222d9feb1e84bbfda95b4d5915	416846132	ftp.sra.ebi.ac.uk/vol1/fastq/ERR341/001/ERR3414871/ERR3414871.fastq.gz	ftp.sra.ebi.ac.uk/vol1/fastq/ERR341/001/ERR3414871/ERR3414871.fastq.gz	fasp.sra.ebi.ac.uk:/vol1/fastq/ERR341/001/ERR3414871/ERR3414871.fastq.gz
SAMEA5754982	ERR3414872	ERX3438379	SAMEA5754982	ERS3558438	PRJEB33339	ERP116123		ERA2029351	UPSC-0153-R0278	UPSC-0153-E0139	UPSC-0153-S0139	UPSC-0153	SINGLE	RANDOM	TRANSCRIPTOMIC	RNA-Seq	P6960_339	Illumina HiSeq 2500	ILLUMINA	684181320.0	13415320.0	3702	Arabidopsis thaliana	P6960_339	Illumina HiSeq 2500 sequencing; Single-end sequencing of Arabidopsis thaliana leaf before and during heat or cold or salt stress in four mediator mutants and WT plants	Specific functions for Mediator complex subunits from different modules in the transcriptional response of Arabidopsis thaliana to abiotic stress	Illumina HiSeq 2500 sequencing; Single-end sequencing of Arabidopsis thaliana leaf before and during heat or cold or salt stress in four mediator mutants and WT plants	cdk8_SS4_C	fff1c98110ea9d677b62b8ff2c7eadb5	416407502	ftp.sra.ebi.ac.uk/vol1/fastq/ERR341/002/ERR3414872/ERR3414872.fastq.gz	ftp.sra.ebi.ac.uk/vol1/fastq/ERR341/002/ERR3414872/ERR3414872.fastq.gz	fasp.sra.ebi.ac.uk:/vol1/fastq/ERR341/002/ERR3414872/ERR3414872.fastq.gz
SAMEA5754983	ERR3414873	ERX3438380	SAMEA5754983	ERS3558439	PRJEB33339	ERP116123		ERA2029351	UPSC-0153-R0279	UPSC-0153-E0140	UPSC-0153-S0140	UPSC-0153	SINGLE	RANDOM	TRANSCRIPTOMIC	RNA-Seq	P6960_340	Illumina HiSeq 2500	ILLUMINA	605732202.0	11877102.0	3702	Arabidopsis thaliana	P6960_340	Illumina HiSeq 2500 sequencing; Single-end sequencing of Arabidopsis thaliana leaf before and during heat or cold or salt stress in four mediator mutants and WT plants	Specific functions for Mediator complex subunits from different modules in the transcriptional response of Arabidopsis thaliana to abiotic stress	Illumina HiSeq 2500 sequencing; Single-end sequencing of Arabidopsis thaliana leaf before and during heat or cold or salt stress in four mediator mutants and WT plants	cdk8_SS4_D	6cddfd3325eb6ab7f3ce4e4586a1afdc	370658303	ftp.sra.ebi.ac.uk/vol1/fastq/ERR341/003/ERR3414873/ERR3414873.fastq.gz	ftp.sra.ebi.ac.uk/vol1/fastq/ERR341/003/ERR3414873/ERR3414873.fastq.gz	fasp.sra.ebi.ac.uk:/vol1/fastq/ERR341/003/ERR3414873/ERR3414873.fastq.gz
SAMEA5754983	ERR3414874	ERX3438380	SAMEA5754983	ERS3558439	PRJEB33339	ERP116123		ERA2029351	UPSC-0153-R0280	UPSC-0153-E0140	UPSC-0153-S0140	UPSC-0153	SINGLE	RANDOM	TRANSCRIPTOMIC	RNA-Seq	P6960_340	Illumina HiSeq 2500	ILLUMINA	608610285.0	11933535.0	3702	Arabidopsis thaliana	P6960_340	Illumina HiSeq 2500 sequencing; Single-end sequencing of Arabidopsis thaliana leaf before and during heat or cold or salt stress in four mediator mutants and WT plants	Specific functions for Mediator complex subunits from different modules in the transcriptional response of Arabidopsis thaliana to abiotic stress	Illumina HiSeq 2500 sequencing; Single-end sequencing of Arabidopsis thaliana leaf before and during heat or cold or salt stress in four mediator mutants and WT plants	cdk8_SS4_D	b847273af76859a3c5f0f3c27d9388e3	369850668	ftp.sra.ebi.ac.uk/vol1/fastq/ERR341/004/ERR3414874/ERR3414874.fastq.gz	ftp.sra.ebi.ac.uk/vol1/fastq/ERR341/004/ERR3414874/ERR3414874.fastq.gz	fasp.sra.ebi.ac.uk:/vol1/fastq/ERR341/004/ERR3414874/ERR3414874.fastq.gz
SAMEA5754984	ERR3414875	ERX3438381	SAMEA5754984	ERS3558440	PRJEB33339	ERP116123		ERA2029351	UPSC-0153-R0281	UPSC-0153-E0141	UPSC-0153-S0141	UPSC-0153	SINGLE	RANDOM	TRANSCRIPTOMIC	RNA-Seq	P6960_341	Illumina HiSeq 2500	ILLUMINA	632970741.0	12411191.0	3702	Arabidopsis thaliana	P6960_341	Illumina HiSeq 2500 sequencing; Single-end sequencing of Arabidopsis thaliana leaf before and during heat or cold or salt stress in four mediator mutants and WT plants	Specific functions for Mediator complex subunits from different modules in the transcriptional response of Arabidopsis thaliana to abiotic stress	Illumina HiSeq 2500 sequencing; Single-end sequencing of Arabidopsis thaliana leaf before and during heat or cold or salt stress in four mediator mutants and WT plants	WT_SS24_A	555ab7d161ff62f743e8739bb5a73118	377615323	ftp.sra.ebi.ac.uk/vol1/fastq/ERR341/005/ERR3414875/ERR3414875.fastq.gz	ftp.sra.ebi.ac.uk/vol1/fastq/ERR341/005/ERR3414875/ERR3414875.fastq.gz	fasp.sra.ebi.ac.uk:/vol1/fastq/ERR341/005/ERR3414875/ERR3414875.fastq.gz
SAMEA5754984	ERR3414876	ERX3438381	SAMEA5754984	ERS3558440	PRJEB33339	ERP116123		ERA2029351	UPSC-0153-R0282	UPSC-0153-E0141	UPSC-0153-S0141	UPSC-0153	SINGLE	RANDOM	TRANSCRIPTOMIC	RNA-Seq	P6960_341	Illumina HiSeq 2500	ILLUMINA	635298534.0	12456834.0	3702	Arabidopsis thaliana	P6960_341	Illumina HiSeq 2500 sequencing; Single-end sequencing of Arabidopsis thaliana leaf before and during heat or cold or salt stress in four mediator mutants and WT plants	Specific functions for Mediator complex subunits from different modules in the transcriptional response of Arabidopsis thaliana to abiotic stress	Illumina HiSeq 2500 sequencing; Single-end sequencing of Arabidopsis thaliana leaf before and during heat or cold or salt stress in four mediator mutants and WT plants	WT_SS24_A	c907fe7d641dc01f1f774bcd0684d337	378683295	ftp.sra.ebi.ac.uk/vol1/fastq/ERR341/006/ERR3414876/ERR3414876.fastq.gz	ftp.sra.ebi.ac.uk/vol1/fastq/ERR341/006/ERR3414876/ERR3414876.fastq.gz	fasp.sra.ebi.ac.uk:/vol1/fastq/ERR341/006/ERR3414876/ERR3414876.fastq.gz
SAMEA5754985	ERR3414877	ERX3438382	SAMEA5754985	ERS3558441	PRJEB33339	ERP116123		ERA2029351	UPSC-0153-R0283	UPSC-0153-E0142	UPSC-0153-S0142	UPSC-0153	SINGLE	RANDOM	TRANSCRIPTOMIC	RNA-Seq	P6960_342	Illumina HiSeq 2500	ILLUMINA	617518863.0	12108213.0	3702	Arabidopsis thaliana	P6960_342	Illumina HiSeq 2500 sequencing; Single-end sequencing of Arabidopsis thaliana leaf before and during heat or cold or salt stress in four mediator mutants and WT plants	Specific functions for Mediator complex subunits from different modules in the transcriptional response of Arabidopsis thaliana to abiotic stress	Illumina HiSeq 2500 sequencing; Single-end sequencing of Arabidopsis thaliana leaf before and during heat or cold or salt stress in four mediator mutants and WT plants	WT_SS24_B	e2568420cb8cd65bccedf7b8856f7e84	370582255	ftp.sra.ebi.ac.uk/vol1/fastq/ERR341/007/ERR3414877/ERR3414877.fastq.gz	ftp.sra.ebi.ac.uk/vol1/fastq/ERR341/007/ERR3414877/ERR3414877.fastq.gz	fasp.sra.ebi.ac.uk:/vol1/fastq/ERR341/007/ERR3414877/ERR3414877.fastq.gz
SAMEA5754985	ERR3414878	ERX3438382	SAMEA5754985	ERS3558441	PRJEB33339	ERP116123		ERA2029351	UPSC-0153-R0284	UPSC-0153-E0142	UPSC-0153-S0142	UPSC-0153	SINGLE	RANDOM	TRANSCRIPTOMIC	RNA-Seq	P6960_342	Illumina HiSeq 2500	ILLUMINA	620984925.0	12176175.0	3702	Arabidopsis thaliana	P6960_342	Illumina HiSeq 2500 sequencing; Single-end sequencing of Arabidopsis thaliana leaf before and during heat or cold or salt stress in four mediator mutants and WT plants	Specific functions for Mediator complex subunits from different modules in the transcriptional response of Arabidopsis thaliana to abiotic stress	Illumina HiSeq 2500 sequencing; Single-end sequencing of Arabidopsis thaliana leaf before and during heat or cold or salt stress in four mediator mutants and WT plants	WT_SS24_B	e78cd402030957fd85769eefa12e683e	371505254	ftp.sra.ebi.ac.uk/vol1/fastq/ERR341/008/ERR3414878/ERR3414878.fastq.gz	ftp.sra.ebi.ac.uk/vol1/fastq/ERR341/008/ERR3414878/ERR3414878.fastq.gz	fasp.sra.ebi.ac.uk:/vol1/fastq/ERR341/008/ERR3414878/ERR3414878.fastq.gz
SAMEA5754986	ERR3414879	ERX3438383	SAMEA5754986	ERS3558442	PRJEB33339	ERP116123		ERA2029351	UPSC-0153-R0285	UPSC-0153-E0143	UPSC-0153-S0143	UPSC-0153	SINGLE	RANDOM	TRANSCRIPTOMIC	RNA-Seq	P6960_343	Illumina HiSeq 2500	ILLUMINA	683784540.0	13407540.0	3702	Arabidopsis thaliana	P6960_343	Illumina HiSeq 2500 sequencing; Single-end sequencing of Arabidopsis thaliana leaf before and during heat or cold or salt stress in four mediator mutants and WT plants	Specific functions for Mediator complex subunits from different modules in the transcriptional response of Arabidopsis thaliana to abiotic stress	Illumina HiSeq 2500 sequencing; Single-end sequencing of Arabidopsis thaliana leaf before and during heat or cold or salt stress in four mediator mutants and WT plants	WT_SS24_C	4a0980d1a3cc7508597c43c61df3f0c5	417097269	ftp.sra.ebi.ac.uk/vol1/fastq/ERR341/009/ERR3414879/ERR3414879.fastq.gz	ftp.sra.ebi.ac.uk/vol1/fastq/ERR341/009/ERR3414879/ERR3414879.fastq.gz	fasp.sra.ebi.ac.uk:/vol1/fastq/ERR341/009/ERR3414879/ERR3414879.fastq.gz
SAMEA5754986	ERR3414880	ERX3438383	SAMEA5754986	ERS3558442	PRJEB33339	ERP116123		ERA2029351	UPSC-0153-R0286	UPSC-0153-E0143	UPSC-0153-S0143	UPSC-0153	SINGLE	RANDOM	TRANSCRIPTOMIC	RNA-Seq	P6960_343	Illumina HiSeq 2500	ILLUMINA	688932480.0	13508480.0	3702	Arabidopsis thaliana	P6960_343	Illumina HiSeq 2500 sequencing; Single-end sequencing of Arabidopsis thaliana leaf before and during heat or cold or salt stress in four mediator mutants and WT plants	Specific functions for Mediator complex subunits from different modules in the transcriptional response of Arabidopsis thaliana to abiotic stress	Illumina HiSeq 2500 sequencing; Single-end sequencing of Arabidopsis thaliana leaf before and during heat or cold or salt stress in four mediator mutants and WT plants	WT_SS24_C	b8e83deaae86326a983f082c32489638	418707841	ftp.sra.ebi.ac.uk/vol1/fastq/ERR341/000/ERR3414880/ERR3414880.fastq.gz	ftp.sra.ebi.ac.uk/vol1/fastq/ERR341/000/ERR3414880/ERR3414880.fastq.gz	fasp.sra.ebi.ac.uk:/vol1/fastq/ERR341/000/ERR3414880/ERR3414880.fastq.gz
SAMEA5754987	ERR3414881	ERX3438384	SAMEA5754987	ERS3558443	PRJEB33339	ERP116123		ERA2029351	UPSC-0153-R0287	UPSC-0153-E0144	UPSC-0153-S0144	UPSC-0153	SINGLE	RANDOM	TRANSCRIPTOMIC	RNA-Seq	P6960_344	Illumina HiSeq 2500	ILLUMINA	641376255.0	12576005.0	3702	Arabidopsis thaliana	P6960_344	Illumina HiSeq 2500 sequencing; Single-end sequencing of Arabidopsis thaliana leaf before and during heat or cold or salt stress in four mediator mutants and WT plants	Specific functions for Mediator complex subunits from different modules in the transcriptional response of Arabidopsis thaliana to abiotic stress	Illumina HiSeq 2500 sequencing; Single-end sequencing of Arabidopsis thaliana leaf before and during heat or cold or salt stress in four mediator mutants and WT plants	WT_SS24_D	6ebaa36d0f0d896e5f659b0e26c6f65b	391227860	ftp.sra.ebi.ac.uk/vol1/fastq/ERR341/001/ERR3414881/ERR3414881.fastq.gz	ftp.sra.ebi.ac.uk/vol1/fastq/ERR341/001/ERR3414881/ERR3414881.fastq.gz	fasp.sra.ebi.ac.uk:/vol1/fastq/ERR341/001/ERR3414881/ERR3414881.fastq.gz
SAMEA5754987	ERR3414882	ERX3438384	SAMEA5754987	ERS3558443	PRJEB33339	ERP116123		ERA2029351	UPSC-0153-R0288	UPSC-0153-E0144	UPSC-0153-S0144	UPSC-0153	SINGLE	RANDOM	TRANSCRIPTOMIC	RNA-Seq	P6960_344	Illumina HiSeq 2500	ILLUMINA	645645210.0	12659710.0	3702	Arabidopsis thaliana	P6960_344	Illumina HiSeq 2500 sequencing; Single-end sequencing of Arabidopsis thaliana leaf before and during heat or cold or salt stress in four mediator mutants and WT plants	Specific functions for Mediator complex subunits from different modules in the transcriptional response of Arabidopsis thaliana to abiotic stress	Illumina HiSeq 2500 sequencing; Single-end sequencing of Arabidopsis thaliana leaf before and during heat or cold or salt stress in four mediator mutants and WT plants	WT_SS24_D	da0667ea5279fa62c30a3d5d8b82c296	392701818	ftp.sra.ebi.ac.uk/vol1/fastq/ERR341/002/ERR3414882/ERR3414882.fastq.gz	ftp.sra.ebi.ac.uk/vol1/fastq/ERR341/002/ERR3414882/ERR3414882.fastq.gz	fasp.sra.ebi.ac.uk:/vol1/fastq/ERR341/002/ERR3414882/ERR3414882.fastq.gz
SAMEA5754988	ERR3414883	ERX3438385	SAMEA5754988	ERS3558444	PRJEB33339	ERP116123		ERA2029351	UPSC-0153-R0289	UPSC-0153-E0145	UPSC-0153-S0145	UPSC-0153	SINGLE	RANDOM	TRANSCRIPTOMIC	RNA-Seq	P6960_345	Illumina HiSeq 2500	ILLUMINA	612129336.0	12002536.0	3702	Arabidopsis thaliana	P6960_345	Illumina HiSeq 2500 sequencing; Single-end sequencing of Arabidopsis thaliana leaf before and during heat or cold or salt stress in four mediator mutants and WT plants	Specific functions for Mediator complex subunits from different modules in the transcriptional response of Arabidopsis thaliana to abiotic stress	Illumina HiSeq 2500 sequencing; Single-end sequencing of Arabidopsis thaliana leaf before and during heat or cold or salt stress in four mediator mutants and WT plants	med9_SS24_A	cb30781934c345e7448c9ef36845fd24	377551336	ftp.sra.ebi.ac.uk/vol1/fastq/ERR341/003/ERR3414883/ERR3414883.fastq.gz	ftp.sra.ebi.ac.uk/vol1/fastq/ERR341/003/ERR3414883/ERR3414883.fastq.gz	fasp.sra.ebi.ac.uk:/vol1/fastq/ERR341/003/ERR3414883/ERR3414883.fastq.gz
SAMEA5754988	ERR3414884	ERX3438385	SAMEA5754988	ERS3558444	PRJEB33339	ERP116123		ERA2029351	UPSC-0153-R0290	UPSC-0153-E0145	UPSC-0153-S0145	UPSC-0153	SINGLE	RANDOM	TRANSCRIPTOMIC	RNA-Seq	P6960_345	Illumina HiSeq 2500	ILLUMINA	615278076.0	12064276.0	3702	Arabidopsis thaliana	P6960_345	Illumina HiSeq 2500 sequencing; Single-end sequencing of Arabidopsis thaliana leaf before and during heat or cold or salt stress in four mediator mutants and WT plants	Specific functions for Mediator complex subunits from different modules in the transcriptional response of Arabidopsis thaliana to abiotic stress	Illumina HiSeq 2500 sequencing; Single-end sequencing of Arabidopsis thaliana leaf before and during heat or cold or salt stress in four mediator mutants and WT plants	med9_SS24_A	00ad8c6bc5d15b877ce62421fc88f8c5	378553492	ftp.sra.ebi.ac.uk/vol1/fastq/ERR341/004/ERR3414884/ERR3414884.fastq.gz	ftp.sra.ebi.ac.uk/vol1/fastq/ERR341/004/ERR3414884/ERR3414884.fastq.gz	fasp.sra.ebi.ac.uk:/vol1/fastq/ERR341/004/ERR3414884/ERR3414884.fastq.gz
SAMEA5754989	ERR3414885	ERX3438386	SAMEA5754989	ERS3558445	PRJEB33339	ERP116123		ERA2029351	UPSC-0153-R0291	UPSC-0153-E0146	UPSC-0153-S0146	UPSC-0153	SINGLE	RANDOM	TRANSCRIPTOMIC	RNA-Seq	P6960_346	Illumina HiSeq 2500	ILLUMINA	568353945.0	11144195.0	3702	Arabidopsis thaliana	P6960_346	Illumina HiSeq 2500 sequencing; Single-end sequencing of Arabidopsis thaliana leaf before and during heat or cold or salt stress in four mediator mutants and WT plants	Specific functions for Mediator complex subunits from different modules in the transcriptional response of Arabidopsis thaliana to abiotic stress	Illumina HiSeq 2500 sequencing; Single-end sequencing of Arabidopsis thaliana leaf before and during heat or cold or salt stress in four mediator mutants and WT plants	med9_SS24_B	68b8e213a0c04e85945ded6c30688b64	345423041	ftp.sra.ebi.ac.uk/vol1/fastq/ERR341/005/ERR3414885/ERR3414885.fastq.gz	ftp.sra.ebi.ac.uk/vol1/fastq/ERR341/005/ERR3414885/ERR3414885.fastq.gz	fasp.sra.ebi.ac.uk:/vol1/fastq/ERR341/005/ERR3414885/ERR3414885.fastq.gz
SAMEA5754989	ERR3414886	ERX3438386	SAMEA5754989	ERS3558445	PRJEB33339	ERP116123		ERA2029351	UPSC-0153-R0292	UPSC-0153-E0146	UPSC-0153-S0146	UPSC-0153	SINGLE	RANDOM	TRANSCRIPTOMIC	RNA-Seq	P6960_346	Illumina HiSeq 2500	ILLUMINA	571665732.0	11209132.0	3702	Arabidopsis thaliana	P6960_346	Illumina HiSeq 2500 sequencing; Single-end sequencing of Arabidopsis thaliana leaf before and during heat or cold or salt stress in four mediator mutants and WT plants	Specific functions for Mediator complex subunits from different modules in the transcriptional response of Arabidopsis thaliana to abiotic stress	Illumina HiSeq 2500 sequencing; Single-end sequencing of Arabidopsis thaliana leaf before and during heat or cold or salt stress in four mediator mutants and WT plants	med9_SS24_B	5e47163d5318bd813158f63cb76236cd	346564053	ftp.sra.ebi.ac.uk/vol1/fastq/ERR341/006/ERR3414886/ERR3414886.fastq.gz	ftp.sra.ebi.ac.uk/vol1/fastq/ERR341/006/ERR3414886/ERR3414886.fastq.gz	fasp.sra.ebi.ac.uk:/vol1/fastq/ERR341/006/ERR3414886/ERR3414886.fastq.gz
SAMEA5754990	ERR3414887	ERX3438387	SAMEA5754990	ERS3558446	PRJEB33339	ERP116123		ERA2029351	UPSC-0153-R0293	UPSC-0153-E0147	UPSC-0153-S0147	UPSC-0153	SINGLE	RANDOM	TRANSCRIPTOMIC	RNA-Seq	P6960_347	Illumina HiSeq 2500	ILLUMINA	605863935.0	11879685.0	3702	Arabidopsis thaliana	P6960_347	Illumina HiSeq 2500 sequencing; Single-end sequencing of Arabidopsis thaliana leaf before and during heat or cold or salt stress in four mediator mutants and WT plants	Specific functions for Mediator complex subunits from different modules in the transcriptional response of Arabidopsis thaliana to abiotic stress	Illumina HiSeq 2500 sequencing; Single-end sequencing of Arabidopsis thaliana leaf before and during heat or cold or salt stress in four mediator mutants and WT plants	med9_SS24_C	f60c15f7ea00a074ef61811b3d3b85f0	367029150	ftp.sra.ebi.ac.uk/vol1/fastq/ERR341/007/ERR3414887/ERR3414887.fastq.gz	ftp.sra.ebi.ac.uk/vol1/fastq/ERR341/007/ERR3414887/ERR3414887.fastq.gz	fasp.sra.ebi.ac.uk:/vol1/fastq/ERR341/007/ERR3414887/ERR3414887.fastq.gz
SAMEA5754990	ERR3414888	ERX3438387	SAMEA5754990	ERS3558446	PRJEB33339	ERP116123		ERA2029351	UPSC-0153-R0294	UPSC-0153-E0147	UPSC-0153-S0147	UPSC-0153	SINGLE	RANDOM	TRANSCRIPTOMIC	RNA-Seq	P6960_347	Illumina HiSeq 2500	ILLUMINA	610811547.0	11976697.0	3702	Arabidopsis thaliana	P6960_347	Illumina HiSeq 2500 sequencing; Single-end sequencing of Arabidopsis thaliana leaf before and during heat or cold or salt stress in four mediator mutants and WT plants	Specific functions for Mediator complex subunits from different modules in the transcriptional response of Arabidopsis thaliana to abiotic stress	Illumina HiSeq 2500 sequencing; Single-end sequencing of Arabidopsis thaliana leaf before and during heat or cold or salt stress in four mediator mutants and WT plants	med9_SS24_C	7ef459ae16634382637a2a26bab909ec	368913687	ftp.sra.ebi.ac.uk/vol1/fastq/ERR341/008/ERR3414888/ERR3414888.fastq.gz	ftp.sra.ebi.ac.uk/vol1/fastq/ERR341/008/ERR3414888/ERR3414888.fastq.gz	fasp.sra.ebi.ac.uk:/vol1/fastq/ERR341/008/ERR3414888/ERR3414888.fastq.gz
SAMEA5754991	ERR3414889	ERX3438388	SAMEA5754991	ERS3558447	PRJEB33339	ERP116123		ERA2029351	UPSC-0153-R0295	UPSC-0153-E0148	UPSC-0153-S0148	UPSC-0153	SINGLE	RANDOM	TRANSCRIPTOMIC	RNA-Seq	P6960_348	Illumina HiSeq 2500	ILLUMINA	581126079.0	11394629.0	3702	Arabidopsis thaliana	P6960_348	Illumina HiSeq 2500 sequencing; Single-end sequencing of Arabidopsis thaliana leaf before and during heat or cold or salt stress in four mediator mutants and WT plants	Specific functions for Mediator complex subunits from different modules in the transcriptional response of Arabidopsis thaliana to abiotic stress	Illumina HiSeq 2500 sequencing; Single-end sequencing of Arabidopsis thaliana leaf before and during heat or cold or salt stress in four mediator mutants and WT plants	med9_SS24_D	3ca8a0590daabd6a6e21c26272af9a32	358763095	ftp.sra.ebi.ac.uk/vol1/fastq/ERR341/009/ERR3414889/ERR3414889.fastq.gz	ftp.sra.ebi.ac.uk/vol1/fastq/ERR341/009/ERR3414889/ERR3414889.fastq.gz	fasp.sra.ebi.ac.uk:/vol1/fastq/ERR341/009/ERR3414889/ERR3414889.fastq.gz
SAMEA5754991	ERR3414890	ERX3438388	SAMEA5754991	ERS3558447	PRJEB33339	ERP116123		ERA2029351	UPSC-0153-R0296	UPSC-0153-E0148	UPSC-0153-S0148	UPSC-0153	SINGLE	RANDOM	TRANSCRIPTOMIC	RNA-Seq	P6960_348	Illumina HiSeq 2500	ILLUMINA	585247236.0	11475436.0	3702	Arabidopsis thaliana	P6960_348	Illumina HiSeq 2500 sequencing; Single-end sequencing of Arabidopsis thaliana leaf before and during heat or cold or salt stress in four mediator mutants and WT plants	Specific functions for Mediator complex subunits from different modules in the transcriptional response of Arabidopsis thaliana to abiotic stress	Illumina HiSeq 2500 sequencing; Single-end sequencing of Arabidopsis thaliana leaf before and during heat or cold or salt stress in four mediator mutants and WT plants	med9_SS24_D	dcfcf641ef040e9d4adb38107cb8f008	360314004	ftp.sra.ebi.ac.uk/vol1/fastq/ERR341/000/ERR3414890/ERR3414890.fastq.gz	ftp.sra.ebi.ac.uk/vol1/fastq/ERR341/000/ERR3414890/ERR3414890.fastq.gz	fasp.sra.ebi.ac.uk:/vol1/fastq/ERR341/000/ERR3414890/ERR3414890.fastq.gz
SAMEA5754992	ERR3414891	ERX3438389	SAMEA5754992	ERS3558448	PRJEB33339	ERP116123		ERA2029351	UPSC-0153-R0297	UPSC-0153-E0149	UPSC-0153-S0149	UPSC-0153	SINGLE	RANDOM	TRANSCRIPTOMIC	RNA-Seq	P6960_349	Illumina HiSeq 2500	ILLUMINA	637508925.0	12500175.0	3702	Arabidopsis thaliana	P6960_349	Illumina HiSeq 2500 sequencing; Single-end sequencing of Arabidopsis thaliana leaf before and during heat or cold or salt stress in four mediator mutants and WT plants	Specific functions for Mediator complex subunits from different modules in the transcriptional response of Arabidopsis thaliana to abiotic stress	Illumina HiSeq 2500 sequencing; Single-end sequencing of Arabidopsis thaliana leaf before and during heat or cold or salt stress in four mediator mutants and WT plants	med16_SS24_A	5fa88e96fd57849e274459356286d169	396508405	ftp.sra.ebi.ac.uk/vol1/fastq/ERR341/001/ERR3414891/ERR3414891.fastq.gz	ftp.sra.ebi.ac.uk/vol1/fastq/ERR341/001/ERR3414891/ERR3414891.fastq.gz	fasp.sra.ebi.ac.uk:/vol1/fastq/ERR341/001/ERR3414891/ERR3414891.fastq.gz
SAMEA5754992	ERR3414892	ERX3438389	SAMEA5754992	ERS3558448	PRJEB33339	ERP116123		ERA2029351	UPSC-0153-R0298	UPSC-0153-E0149	UPSC-0153-S0149	UPSC-0153	SINGLE	RANDOM	TRANSCRIPTOMIC	RNA-Seq	P6960_349	Illumina HiSeq 2500	ILLUMINA	641594637.0	12580287.0	3702	Arabidopsis thaliana	P6960_349	Illumina HiSeq 2500 sequencing; Single-end sequencing of Arabidopsis thaliana leaf before and during heat or cold or salt stress in four mediator mutants and WT plants	Specific functions for Mediator complex subunits from different modules in the transcriptional response of Arabidopsis thaliana to abiotic stress	Illumina HiSeq 2500 sequencing; Single-end sequencing of Arabidopsis thaliana leaf before and during heat or cold or salt stress in four mediator mutants and WT plants	med16_SS24_A	1bd24cd8e8648f3b40325153ae4fe985	397938753	ftp.sra.ebi.ac.uk/vol1/fastq/ERR341/002/ERR3414892/ERR3414892.fastq.gz	ftp.sra.ebi.ac.uk/vol1/fastq/ERR341/002/ERR3414892/ERR3414892.fastq.gz	fasp.sra.ebi.ac.uk:/vol1/fastq/ERR341/002/ERR3414892/ERR3414892.fastq.gz
SAMEA5754993	ERR3414893	ERX3438390	SAMEA5754993	ERS3558449	PRJEB33339	ERP116123		ERA2029351	UPSC-0153-R0299	UPSC-0153-E0150	UPSC-0153-S0150	UPSC-0153	SINGLE	RANDOM	TRANSCRIPTOMIC	RNA-Seq	P6960_350	Illumina HiSeq 2500	ILLUMINA	580312170.0	11378670.0	3702	Arabidopsis thaliana	P6960_350	Illumina HiSeq 2500 sequencing; Single-end sequencing of Arabidopsis thaliana leaf before and during heat or cold or salt stress in four mediator mutants and WT plants	Specific functions for Mediator complex subunits from different modules in the transcriptional response of Arabidopsis thaliana to abiotic stress	Illumina HiSeq 2500 sequencing; Single-end sequencing of Arabidopsis thaliana leaf before and during heat or cold or salt stress in four mediator mutants and WT plants	med16_SS24_B	1b37c2e5417a8fee13a2a43ecb7a0bc8	359491776	ftp.sra.ebi.ac.uk/vol1/fastq/ERR341/003/ERR3414893/ERR3414893.fastq.gz	ftp.sra.ebi.ac.uk/vol1/fastq/ERR341/003/ERR3414893/ERR3414893.fastq.gz	fasp.sra.ebi.ac.uk:/vol1/fastq/ERR341/003/ERR3414893/ERR3414893.fastq.gz
SAMEA5754993	ERR3414894	ERX3438390	SAMEA5754993	ERS3558449	PRJEB33339	ERP116123		ERA2029351	UPSC-0153-R0300	UPSC-0153-E0150	UPSC-0153-S0150	UPSC-0153	SINGLE	RANDOM	TRANSCRIPTOMIC	RNA-Seq	P6960_350	Illumina HiSeq 2500	ILLUMINA	584960922.0	11469822.0	3702	Arabidopsis thaliana	P6960_350	Illumina HiSeq 2500 sequencing; Single-end sequencing of Arabidopsis thaliana leaf before and during heat or cold or salt stress in four mediator mutants and WT plants	Specific functions for Mediator complex subunits from different modules in the transcriptional response of Arabidopsis thaliana to abiotic stress	Illumina HiSeq 2500 sequencing; Single-end sequencing of Arabidopsis thaliana leaf before and during heat or cold or salt stress in four mediator mutants and WT plants	med16_SS24_B	95ec287ede0e568229573534e3d3919c	361275951	ftp.sra.ebi.ac.uk/vol1/fastq/ERR341/004/ERR3414894/ERR3414894.fastq.gz	ftp.sra.ebi.ac.uk/vol1/fastq/ERR341/004/ERR3414894/ERR3414894.fastq.gz	fasp.sra.ebi.ac.uk:/vol1/fastq/ERR341/004/ERR3414894/ERR3414894.fastq.gz
SAMEA5754994	ERR3414895	ERX3438391	SAMEA5754994	ERS3558450	PRJEB33339	ERP116123		ERA2029351	UPSC-0153-R0301	UPSC-0153-E0151	UPSC-0153-S0151	UPSC-0153	SINGLE	RANDOM	TRANSCRIPTOMIC	RNA-Seq	P6960_351	Illumina HiSeq 2500	ILLUMINA	635404563.0	12458913.0	3702	Arabidopsis thaliana	P6960_351	Illumina HiSeq 2500 sequencing; Single-end sequencing of Arabidopsis thaliana leaf before and during heat or cold or salt stress in four mediator mutants and WT plants	Specific functions for Mediator complex subunits from different modules in the transcriptional response of Arabidopsis thaliana to abiotic stress	Illumina HiSeq 2500 sequencing; Single-end sequencing of Arabidopsis thaliana leaf before and during heat or cold or salt stress in four mediator mutants and WT plants	med16_SS24_C	c0f9f462e1689d4d54dea47365faea98	389328702	ftp.sra.ebi.ac.uk/vol1/fastq/ERR341/005/ERR3414895/ERR3414895.fastq.gz	ftp.sra.ebi.ac.uk/vol1/fastq/ERR341/005/ERR3414895/ERR3414895.fastq.gz	fasp.sra.ebi.ac.uk:/vol1/fastq/ERR341/005/ERR3414895/ERR3414895.fastq.gz
SAMEA5754994	ERR3414896	ERX3438391	SAMEA5754994	ERS3558450	PRJEB33339	ERP116123		ERA2029351	UPSC-0153-R0302	UPSC-0153-E0151	UPSC-0153-S0151	UPSC-0153	SINGLE	RANDOM	TRANSCRIPTOMIC	RNA-Seq	P6960_351	Illumina HiSeq 2500	ILLUMINA	640073307.0	12550457.0	3702	Arabidopsis thaliana	P6960_351	Illumina HiSeq 2500 sequencing; Single-end sequencing of Arabidopsis thaliana leaf before and during heat or cold or salt stress in four mediator mutants and WT plants	Specific functions for Mediator complex subunits from different modules in the transcriptional response of Arabidopsis thaliana to abiotic stress	Illumina HiSeq 2500 sequencing; Single-end sequencing of Arabidopsis thaliana leaf before and during heat or cold or salt stress in four mediator mutants and WT plants	med16_SS24_C	d9d9ac3833a128788f5dd74b974ec9f6	390877359	ftp.sra.ebi.ac.uk/vol1/fastq/ERR341/006/ERR3414896/ERR3414896.fastq.gz	ftp.sra.ebi.ac.uk/vol1/fastq/ERR341/006/ERR3414896/ERR3414896.fastq.gz	fasp.sra.ebi.ac.uk:/vol1/fastq/ERR341/006/ERR3414896/ERR3414896.fastq.gz
SAMEA5754995	ERR3414897	ERX3438392	SAMEA5754995	ERS3558451	PRJEB33339	ERP116123		ERA2029351	UPSC-0153-R0303	UPSC-0153-E0152	UPSC-0153-S0152	UPSC-0153	SINGLE	RANDOM	TRANSCRIPTOMIC	RNA-Seq	P6960_352	Illumina HiSeq 2500	ILLUMINA	665010165.0	13039415.0	3702	Arabidopsis thaliana	P6960_352	Illumina HiSeq 2500 sequencing; Single-end sequencing of Arabidopsis thaliana leaf before and during heat or cold or salt stress in four mediator mutants and WT plants	Specific functions for Mediator complex subunits from different modules in the transcriptional response of Arabidopsis thaliana to abiotic stress	Illumina HiSeq 2500 sequencing; Single-end sequencing of Arabidopsis thaliana leaf before and during heat or cold or salt stress in four mediator mutants and WT plants	med16_SS24_D	eff340c6bc445449fed367bd0e0c7ce7	411561349	ftp.sra.ebi.ac.uk/vol1/fastq/ERR341/007/ERR3414897/ERR3414897.fastq.gz	ftp.sra.ebi.ac.uk/vol1/fastq/ERR341/007/ERR3414897/ERR3414897.fastq.gz	fasp.sra.ebi.ac.uk:/vol1/fastq/ERR341/007/ERR3414897/ERR3414897.fastq.gz
SAMEA5754995	ERR3414898	ERX3438392	SAMEA5754995	ERS3558451	PRJEB33339	ERP116123		ERA2029351	UPSC-0153-R0304	UPSC-0153-E0152	UPSC-0153-S0152	UPSC-0153	SINGLE	RANDOM	TRANSCRIPTOMIC	RNA-Seq	P6960_352	Illumina HiSeq 2500	ILLUMINA	669869853.0	13134703.0	3702	Arabidopsis thaliana	P6960_352	Illumina HiSeq 2500 sequencing; Single-end sequencing of Arabidopsis thaliana leaf before and during heat or cold or salt stress in four mediator mutants and WT plants	Specific functions for Mediator complex subunits from different modules in the transcriptional response of Arabidopsis thaliana to abiotic stress	Illumina HiSeq 2500 sequencing; Single-end sequencing of Arabidopsis thaliana leaf before and during heat or cold or salt stress in four mediator mutants and WT plants	med16_SS24_D	9a6477ad8b22b93fb1e1b5dc33047eda	413037839	ftp.sra.ebi.ac.uk/vol1/fastq/ERR341/008/ERR3414898/ERR3414898.fastq.gz	ftp.sra.ebi.ac.uk/vol1/fastq/ERR341/008/ERR3414898/ERR3414898.fastq.gz	fasp.sra.ebi.ac.uk:/vol1/fastq/ERR341/008/ERR3414898/ERR3414898.fastq.gz
SAMEA5754996	ERR3414899	ERX3438393	SAMEA5754996	ERS3558452	PRJEB33339	ERP116123		ERA2029351	UPSC-0153-R0305	UPSC-0153-E0153	UPSC-0153-S0153	UPSC-0153	SINGLE	RANDOM	TRANSCRIPTOMIC	RNA-Seq	P6960_353	Illumina HiSeq 2500	ILLUMINA	595275315.0	11672065.0	3702	Arabidopsis thaliana	P6960_353	Illumina HiSeq 2500 sequencing; Single-end sequencing of Arabidopsis thaliana leaf before and during heat or cold or salt stress in four mediator mutants and WT plants	Specific functions for Mediator complex subunits from different modules in the transcriptional response of Arabidopsis thaliana to abiotic stress	Illumina HiSeq 2500 sequencing; Single-end sequencing of Arabidopsis thaliana leaf before and during heat or cold or salt stress in four mediator mutants and WT plants	med18_SS24_A	1295a1950aa11a5c0640b973d3dc2891	365974098	ftp.sra.ebi.ac.uk/vol1/fastq/ERR341/009/ERR3414899/ERR3414899.fastq.gz	ftp.sra.ebi.ac.uk/vol1/fastq/ERR341/009/ERR3414899/ERR3414899.fastq.gz	fasp.sra.ebi.ac.uk:/vol1/fastq/ERR341/009/ERR3414899/ERR3414899.fastq.gz
SAMEA5754996	ERR3414900	ERX3438393	SAMEA5754996	ERS3558452	PRJEB33339	ERP116123		ERA2029351	UPSC-0153-R0306	UPSC-0153-E0153	UPSC-0153-S0153	UPSC-0153	SINGLE	RANDOM	TRANSCRIPTOMIC	RNA-Seq	P6960_353	Illumina HiSeq 2500	ILLUMINA	599006271.0	11745221.0	3702	Arabidopsis thaliana	P6960_353	Illumina HiSeq 2500 sequencing; Single-end sequencing of Arabidopsis thaliana leaf before and during heat or cold or salt stress in four mediator mutants and WT plants	Specific functions for Mediator complex subunits from different modules in the transcriptional response of Arabidopsis thaliana to abiotic stress	Illumina HiSeq 2500 sequencing; Single-end sequencing of Arabidopsis thaliana leaf before and during heat or cold or salt stress in four mediator mutants and WT plants	med18_SS24_A	2aae16020181cd9b92b1de65524cb7de	367288883	ftp.sra.ebi.ac.uk/vol1/fastq/ERR341/000/ERR3414900/ERR3414900.fastq.gz	ftp.sra.ebi.ac.uk/vol1/fastq/ERR341/000/ERR3414900/ERR3414900.fastq.gz	fasp.sra.ebi.ac.uk:/vol1/fastq/ERR341/000/ERR3414900/ERR3414900.fastq.gz
SAMEA5754997	ERR3414901	ERX3438394	SAMEA5754997	ERS3558453	PRJEB33339	ERP116123		ERA2029351	UPSC-0153-R0307	UPSC-0153-E0154	UPSC-0153-S0154	UPSC-0153	SINGLE	RANDOM	TRANSCRIPTOMIC	RNA-Seq	P6960_354	Illumina HiSeq 2500	ILLUMINA	576105129.0	11296179.0	3702	Arabidopsis thaliana	P6960_354	Illumina HiSeq 2500 sequencing; Single-end sequencing of Arabidopsis thaliana leaf before and during heat or cold or salt stress in four mediator mutants and WT plants	Specific functions for Mediator complex subunits from different modules in the transcriptional response of Arabidopsis thaliana to abiotic stress	Illumina HiSeq 2500 sequencing; Single-end sequencing of Arabidopsis thaliana leaf before and during heat or cold or salt stress in four mediator mutants and WT plants	med18_SS24_B	60104f98d2555b31c336a0a936a3bc11	351522306	ftp.sra.ebi.ac.uk/vol1/fastq/ERR341/001/ERR3414901/ERR3414901.fastq.gz	ftp.sra.ebi.ac.uk/vol1/fastq/ERR341/001/ERR3414901/ERR3414901.fastq.gz	fasp.sra.ebi.ac.uk:/vol1/fastq/ERR341/001/ERR3414901/ERR3414901.fastq.gz
SAMEA5754997	ERR3414902	ERX3438394	SAMEA5754997	ERS3558453	PRJEB33339	ERP116123		ERA2029351	UPSC-0153-R0308	UPSC-0153-E0154	UPSC-0153-S0154	UPSC-0153	SINGLE	RANDOM	TRANSCRIPTOMIC	RNA-Seq	P6960_354	Illumina HiSeq 2500	ILLUMINA	579857097.0	11369747.0	3702	Arabidopsis thaliana	P6960_354	Illumina HiSeq 2500 sequencing; Single-end sequencing of Arabidopsis thaliana leaf before and during heat or cold or salt stress in four mediator mutants and WT plants	Specific functions for Mediator complex subunits from different modules in the transcriptional response of Arabidopsis thaliana to abiotic stress	Illumina HiSeq 2500 sequencing; Single-end sequencing of Arabidopsis thaliana leaf before and during heat or cold or salt stress in four mediator mutants and WT plants	med18_SS24_B	9b26d0aed6a5b8c5db904a882dc33aeb	352919010	ftp.sra.ebi.ac.uk/vol1/fastq/ERR341/002/ERR3414902/ERR3414902.fastq.gz	ftp.sra.ebi.ac.uk/vol1/fastq/ERR341/002/ERR3414902/ERR3414902.fastq.gz	fasp.sra.ebi.ac.uk:/vol1/fastq/ERR341/002/ERR3414902/ERR3414902.fastq.gz
SAMEA5754998	ERR3414903	ERX3438395	SAMEA5754998	ERS3558454	PRJEB33339	ERP116123		ERA2029351	UPSC-0153-R0309	UPSC-0153-E0155	UPSC-0153-S0155	UPSC-0153	SINGLE	RANDOM	TRANSCRIPTOMIC	RNA-Seq	P6960_355	Illumina HiSeq 2500	ILLUMINA	628650786.0	12326486.0	3702	Arabidopsis thaliana	P6960_355	Illumina HiSeq 2500 sequencing; Single-end sequencing of Arabidopsis thaliana leaf before and during heat or cold or salt stress in four mediator mutants and WT plants	Specific functions for Mediator complex subunits from different modules in the transcriptional response of Arabidopsis thaliana to abiotic stress	Illumina HiSeq 2500 sequencing; Single-end sequencing of Arabidopsis thaliana leaf before and during heat or cold or salt stress in four mediator mutants and WT plants	med18_SS24_C	4350dcc6bf95824e6ba240a9d04eb8fa	381501660	ftp.sra.ebi.ac.uk/vol1/fastq/ERR341/003/ERR3414903/ERR3414903.fastq.gz	ftp.sra.ebi.ac.uk/vol1/fastq/ERR341/003/ERR3414903/ERR3414903.fastq.gz	fasp.sra.ebi.ac.uk:/vol1/fastq/ERR341/003/ERR3414903/ERR3414903.fastq.gz
SAMEA5754998	ERR3414904	ERX3438395	SAMEA5754998	ERS3558454	PRJEB33339	ERP116123		ERA2029351	UPSC-0153-R0310	UPSC-0153-E0155	UPSC-0153-S0155	UPSC-0153	SINGLE	RANDOM	TRANSCRIPTOMIC	RNA-Seq	P6960_355	Illumina HiSeq 2500	ILLUMINA	633349008.0	12418608.0	3702	Arabidopsis thaliana	P6960_355	Illumina HiSeq 2500 sequencing; Single-end sequencing of Arabidopsis thaliana leaf before and during heat or cold or salt stress in four mediator mutants and WT plants	Specific functions for Mediator complex subunits from different modules in the transcriptional response of Arabidopsis thaliana to abiotic stress	Illumina HiSeq 2500 sequencing; Single-end sequencing of Arabidopsis thaliana leaf before and during heat or cold or salt stress in four mediator mutants and WT plants	med18_SS24_C	164cf61004cd626047f9f117905cb668	383286848	ftp.sra.ebi.ac.uk/vol1/fastq/ERR341/004/ERR3414904/ERR3414904.fastq.gz	ftp.sra.ebi.ac.uk/vol1/fastq/ERR341/004/ERR3414904/ERR3414904.fastq.gz	fasp.sra.ebi.ac.uk:/vol1/fastq/ERR341/004/ERR3414904/ERR3414904.fastq.gz
SAMEA5754999	ERR3414905	ERX3438396	SAMEA5754999	ERS3558455	PRJEB33339	ERP116123		ERA2029351	UPSC-0153-R0311	UPSC-0153-E0156	UPSC-0153-S0156	UPSC-0153	SINGLE	RANDOM	TRANSCRIPTOMIC	RNA-Seq	P6960_356	Illumina HiSeq 2500	ILLUMINA	596958111.0	11705061.0	3702	Arabidopsis thaliana	P6960_356	Illumina HiSeq 2500 sequencing; Single-end sequencing of Arabidopsis thaliana leaf before and during heat or cold or salt stress in four mediator mutants and WT plants	Specific functions for Mediator complex subunits from different modules in the transcriptional response of Arabidopsis thaliana to abiotic stress	Illumina HiSeq 2500 sequencing; Single-end sequencing of Arabidopsis thaliana leaf before and during heat or cold or salt stress in four mediator mutants and WT plants	med18_SS24_D	0e785fb7158d42d43d82a8265a94dbce	369009767	ftp.sra.ebi.ac.uk/vol1/fastq/ERR341/005/ERR3414905/ERR3414905.fastq.gz	ftp.sra.ebi.ac.uk/vol1/fastq/ERR341/005/ERR3414905/ERR3414905.fastq.gz	fasp.sra.ebi.ac.uk:/vol1/fastq/ERR341/005/ERR3414905/ERR3414905.fastq.gz
SAMEA5754999	ERR3414906	ERX3438396	SAMEA5754999	ERS3558455	PRJEB33339	ERP116123		ERA2029351	UPSC-0153-R0312	UPSC-0153-E0156	UPSC-0153-S0156	UPSC-0153	SINGLE	RANDOM	TRANSCRIPTOMIC	RNA-Seq	P6960_356	Illumina HiSeq 2500	ILLUMINA	600947025.0	11783275.0	3702	Arabidopsis thaliana	P6960_356	Illumina HiSeq 2500 sequencing; Single-end sequencing of Arabidopsis thaliana leaf before and during heat or cold or salt stress in four mediator mutants and WT plants	Specific functions for Mediator complex subunits from different modules in the transcriptional response of Arabidopsis thaliana to abiotic stress	Illumina HiSeq 2500 sequencing; Single-end sequencing of Arabidopsis thaliana leaf before and during heat or cold or salt stress in four mediator mutants and WT plants	med18_SS24_D	4465333e45308dee015ee83597e4e70c	370345378	ftp.sra.ebi.ac.uk/vol1/fastq/ERR341/006/ERR3414906/ERR3414906.fastq.gz	ftp.sra.ebi.ac.uk/vol1/fastq/ERR341/006/ERR3414906/ERR3414906.fastq.gz	fasp.sra.ebi.ac.uk:/vol1/fastq/ERR341/006/ERR3414906/ERR3414906.fastq.gz
SAMEA5755000	ERR3414907	ERX3438397	SAMEA5755000	ERS3558456	PRJEB33339	ERP116123		ERA2029351	UPSC-0153-R0313	UPSC-0153-E0157	UPSC-0153-S0157	UPSC-0153	SINGLE	RANDOM	TRANSCRIPTOMIC	RNA-Seq	P6960_357	Illumina HiSeq 2500	ILLUMINA	623791914.0	12231214.0	3702	Arabidopsis thaliana	P6960_357	Illumina HiSeq 2500 sequencing; Single-end sequencing of Arabidopsis thaliana leaf before and during heat or cold or salt stress in four mediator mutants and WT plants	Specific functions for Mediator complex subunits from different modules in the transcriptional response of Arabidopsis thaliana to abiotic stress	Illumina HiSeq 2500 sequencing; Single-end sequencing of Arabidopsis thaliana leaf before and during heat or cold or salt stress in four mediator mutants and WT plants	cdk8_SS24_A	d48a05146496012cc25f6f09f3364f02	380809592	ftp.sra.ebi.ac.uk/vol1/fastq/ERR341/007/ERR3414907/ERR3414907.fastq.gz	ftp.sra.ebi.ac.uk/vol1/fastq/ERR341/007/ERR3414907/ERR3414907.fastq.gz	fasp.sra.ebi.ac.uk:/vol1/fastq/ERR341/007/ERR3414907/ERR3414907.fastq.gz
SAMEA5755000	ERR3414908	ERX3438397	SAMEA5755000	ERS3558456	PRJEB33339	ERP116123		ERA2029351	UPSC-0153-R0314	UPSC-0153-E0157	UPSC-0153-S0157	UPSC-0153	SINGLE	RANDOM	TRANSCRIPTOMIC	RNA-Seq	P6960_357	Illumina HiSeq 2500	ILLUMINA	627726768.0	12308368.0	3702	Arabidopsis thaliana	P6960_357	Illumina HiSeq 2500 sequencing; Single-end sequencing of Arabidopsis thaliana leaf before and during heat or cold or salt stress in four mediator mutants and WT plants	Specific functions for Mediator complex subunits from different modules in the transcriptional response of Arabidopsis thaliana to abiotic stress	Illumina HiSeq 2500 sequencing; Single-end sequencing of Arabidopsis thaliana leaf before and during heat or cold or salt stress in four mediator mutants and WT plants	cdk8_SS24_A	875cd919a4534772257ce15296543693	382128438	ftp.sra.ebi.ac.uk/vol1/fastq/ERR341/008/ERR3414908/ERR3414908.fastq.gz	ftp.sra.ebi.ac.uk/vol1/fastq/ERR341/008/ERR3414908/ERR3414908.fastq.gz	fasp.sra.ebi.ac.uk:/vol1/fastq/ERR341/008/ERR3414908/ERR3414908.fastq.gz
SAMEA5755001	ERR3414909	ERX3438398	SAMEA5755001	ERS3558457	PRJEB33339	ERP116123		ERA2029351	UPSC-0153-R0315	UPSC-0153-E0158	UPSC-0153-S0158	UPSC-0153	SINGLE	RANDOM	TRANSCRIPTOMIC	RNA-Seq	P6960_358	Illumina HiSeq 2500	ILLUMINA	613147806.0	12022506.0	3702	Arabidopsis thaliana	P6960_358	Illumina HiSeq 2500 sequencing; Single-end sequencing of Arabidopsis thaliana leaf before and during heat or cold or salt stress in four mediator mutants and WT plants	Specific functions for Mediator complex subunits from different modules in the transcriptional response of Arabidopsis thaliana to abiotic stress	Illumina HiSeq 2500 sequencing; Single-end sequencing of Arabidopsis thaliana leaf before and during heat or cold or salt stress in four mediator mutants and WT plants	cdk8_SS24_B	19cc7563e8f3c74d506a94776045f482	371285093	ftp.sra.ebi.ac.uk/vol1/fastq/ERR341/009/ERR3414909/ERR3414909.fastq.gz	ftp.sra.ebi.ac.uk/vol1/fastq/ERR341/009/ERR3414909/ERR3414909.fastq.gz	fasp.sra.ebi.ac.uk:/vol1/fastq/ERR341/009/ERR3414909/ERR3414909.fastq.gz
SAMEA5755001	ERR3414910	ERX3438398	SAMEA5755001	ERS3558457	PRJEB33339	ERP116123		ERA2029351	UPSC-0153-R0316	UPSC-0153-E0158	UPSC-0153-S0158	UPSC-0153	SINGLE	RANDOM	TRANSCRIPTOMIC	RNA-Seq	P6960_358	Illumina HiSeq 2500	ILLUMINA	617102601.0	12100051.0	3702	Arabidopsis thaliana	P6960_358	Illumina HiSeq 2500 sequencing; Single-end sequencing of Arabidopsis thaliana leaf before and during heat or cold or salt stress in four mediator mutants and WT plants	Specific functions for Mediator complex subunits from different modules in the transcriptional response of Arabidopsis thaliana to abiotic stress	Illumina HiSeq 2500 sequencing; Single-end sequencing of Arabidopsis thaliana leaf before and during heat or cold or salt stress in four mediator mutants and WT plants	cdk8_SS24_B	1eae13a4ab602f895b83b507c9c4bb4e	372727893	ftp.sra.ebi.ac.uk/vol1/fastq/ERR341/000/ERR3414910/ERR3414910.fastq.gz	ftp.sra.ebi.ac.uk/vol1/fastq/ERR341/000/ERR3414910/ERR3414910.fastq.gz	fasp.sra.ebi.ac.uk:/vol1/fastq/ERR341/000/ERR3414910/ERR3414910.fastq.gz
SAMEA5755002	ERR3414911	ERX3438399	SAMEA5755002	ERS3558458	PRJEB33339	ERP116123		ERA2029351	UPSC-0153-R0317	UPSC-0153-E0159	UPSC-0153-S0159	UPSC-0153	SINGLE	RANDOM	TRANSCRIPTOMIC	RNA-Seq	P6960_359	Illumina HiSeq 2500	ILLUMINA	674333118.0	13222218.0	3702	Arabidopsis thaliana	P6960_359	Illumina HiSeq 2500 sequencing; Single-end sequencing of Arabidopsis thaliana leaf before and during heat or cold or salt stress in four mediator mutants and WT plants	Specific functions for Mediator complex subunits from different modules in the transcriptional response of Arabidopsis thaliana to abiotic stress	Illumina HiSeq 2500 sequencing; Single-end sequencing of Arabidopsis thaliana leaf before and during heat or cold or salt stress in four mediator mutants and WT plants	cdk8_SS24_C	144fe2dcdecdc2789b3769017e254259	417601624	ftp.sra.ebi.ac.uk/vol1/fastq/ERR341/001/ERR3414911/ERR3414911.fastq.gz	ftp.sra.ebi.ac.uk/vol1/fastq/ERR341/001/ERR3414911/ERR3414911.fastq.gz	fasp.sra.ebi.ac.uk:/vol1/fastq/ERR341/001/ERR3414911/ERR3414911.fastq.gz
SAMEA5755002	ERR3414912	ERX3438399	SAMEA5755002	ERS3558458	PRJEB33339	ERP116123		ERA2029351	UPSC-0153-R0318	UPSC-0153-E0159	UPSC-0153-S0159	UPSC-0153	SINGLE	RANDOM	TRANSCRIPTOMIC	RNA-Seq	P6960_359	Illumina HiSeq 2500	ILLUMINA	680683995.0	13346745.0	3702	Arabidopsis thaliana	P6960_359	Illumina HiSeq 2500 sequencing; Single-end sequencing of Arabidopsis thaliana leaf before and during heat or cold or salt stress in four mediator mutants and WT plants	Specific functions for Mediator complex subunits from different modules in the transcriptional response of Arabidopsis thaliana to abiotic stress	Illumina HiSeq 2500 sequencing; Single-end sequencing of Arabidopsis thaliana leaf before and during heat or cold or salt stress in four mediator mutants and WT plants	cdk8_SS24_C	411ea7a583f49e33baa7b7c7ca71c1aa	419959395	ftp.sra.ebi.ac.uk/vol1/fastq/ERR341/002/ERR3414912/ERR3414912.fastq.gz	ftp.sra.ebi.ac.uk/vol1/fastq/ERR341/002/ERR3414912/ERR3414912.fastq.gz	fasp.sra.ebi.ac.uk:/vol1/fastq/ERR341/002/ERR3414912/ERR3414912.fastq.gz
SAMEA5755003	ERR3414913	ERX3438400	SAMEA5755003	ERS3558459	PRJEB33339	ERP116123		ERA2029351	UPSC-0153-R0319	UPSC-0153-E0160	UPSC-0153-S0160	UPSC-0153	SINGLE	RANDOM	TRANSCRIPTOMIC	RNA-Seq	P6960_360	Illumina HiSeq 2500	ILLUMINA	768899409.0	15076459.0	3702	Arabidopsis thaliana	P6960_360	Illumina HiSeq 2500 sequencing; Single-end sequencing of Arabidopsis thaliana leaf before and during heat or cold or salt stress in four mediator mutants and WT plants	Specific functions for Mediator complex subunits from different modules in the transcriptional response of Arabidopsis thaliana to abiotic stress	Illumina HiSeq 2500 sequencing; Single-end sequencing of Arabidopsis thaliana leaf before and during heat or cold or salt stress in four mediator mutants and WT plants	cdk8_SS24_D	26851cde84b2bfa41b2e464ceafc2d87	459229089	ftp.sra.ebi.ac.uk/vol1/fastq/ERR341/003/ERR3414913/ERR3414913.fastq.gz	ftp.sra.ebi.ac.uk/vol1/fastq/ERR341/003/ERR3414913/ERR3414913.fastq.gz	fasp.sra.ebi.ac.uk:/vol1/fastq/ERR341/003/ERR3414913/ERR3414913.fastq.gz
SAMEA5755003	ERR3414914	ERX3438400	SAMEA5755003	ERS3558459	PRJEB33339	ERP116123		ERA2029351	UPSC-0153-R0320	UPSC-0153-E0160	UPSC-0153-S0160	UPSC-0153	SINGLE	RANDOM	TRANSCRIPTOMIC	RNA-Seq	P6960_360	Illumina HiSeq 2500	ILLUMINA	775126815.0	15198565.0	3702	Arabidopsis thaliana	P6960_360	Illumina HiSeq 2500 sequencing; Single-end sequencing of Arabidopsis thaliana leaf before and during heat or cold or salt stress in four mediator mutants and WT plants	Specific functions for Mediator complex subunits from different modules in the transcriptional response of Arabidopsis thaliana to abiotic stress	Illumina HiSeq 2500 sequencing; Single-end sequencing of Arabidopsis thaliana leaf before and during heat or cold or salt stress in four mediator mutants and WT plants	cdk8_SS24_D	d82615ee2571d1688c879c54ce7aa47f	461648248	ftp.sra.ebi.ac.uk/vol1/fastq/ERR341/004/ERR3414914/ERR3414914.fastq.gz	ftp.sra.ebi.ac.uk/vol1/fastq/ERR341/004/ERR3414914/ERR3414914.fastq.gz	fasp.sra.ebi.ac.uk:/vol1/fastq/ERR341/004/ERR3414914/ERR3414914.fastq.gz
