SAMN10660695	SRR8377336	SRX5187271	SAMN10660695	SRS4193660	PRJNA512107	SRP174647		SRA827581	CL_Col_49h_L_R1_S158_L007_R1_001.fastq.gz	Col_49h_L_R1	Col_49h_L_R1	PRJNA512107	SINGLE	cDNA	TRANSCRIPTOMIC	RNA-Seq	Col_49h_L_R1	Illumina HiSeq 4000	ILLUMINA	349743924.0	6857724.0	3702	Arabidopsis thaliana	This sample has been submitted by pda|knozue@ucdavis.edu on 2020-01-03; Arabidopsis thaliana	Illumina HiSeq 4000 sequencing; RNA-seq of Arabidopsis thaliana: apical part of 14 days old plants with 49 (h) after  low R/FR  treatment	Shade responsive genes in Col, myc234, npr1, and sid2/eds16	Illumina HiSeq 4000 sequencing; RNA-seq of Arabidopsis thaliana: apical part of 14 days old plants with 49 (h) after  low R/FR  treatment	This sample has been submitted by pda|knozue@ucdavis.edu on 2020-01-03; Arabidopsis thaliana	fda61110930b34beaa7f22c59e6c43ad	196036559	ftp.sra.ebi.ac.uk/vol1/fastq/SRR837/006/SRR8377336/SRR8377336.fastq.gz	ftp.sra.ebi.ac.uk/vol1/fastq/SRR837/006/SRR8377336/SRR8377336.fastq.gz	fasp.sra.ebi.ac.uk:/vol1/fastq/SRR837/006/SRR8377336/SRR8377336.fastq.gz
SAMN10660696	SRR8377335	SRX5187272	SAMN10660696	SRS4193661	PRJNA512107	SRP174647		SRA827581	CL_Col_49h_L_R2_S174_L007_R1_001.fastq.gz	Col_49h_L_R2	Col_49h_L_R2	PRJNA512107	SINGLE	cDNA	TRANSCRIPTOMIC	RNA-Seq	Col_49h_L_R2	Illumina HiSeq 4000	ILLUMINA	163041645.0	3196895.0	3702	Arabidopsis thaliana	This sample has been submitted by pda|knozue@ucdavis.edu on 2020-01-03; Arabidopsis thaliana	Illumina HiSeq 4000 sequencing; RNA-seq of Arabidopsis thaliana: apical part of 14 days old plants with 49 (h) after  low R/FR  treatment	Shade responsive genes in Col, myc234, npr1, and sid2/eds16	Illumina HiSeq 4000 sequencing; RNA-seq of Arabidopsis thaliana: apical part of 14 days old plants with 49 (h) after  low R/FR  treatment	This sample has been submitted by pda|knozue@ucdavis.edu on 2020-01-03; Arabidopsis thaliana	bf68a6abc0b3db2d1e243076734bb138	91108716	ftp.sra.ebi.ac.uk/vol1/fastq/SRR837/005/SRR8377335/SRR8377335.fastq.gz	ftp.sra.ebi.ac.uk/vol1/fastq/SRR837/005/SRR8377335/SRR8377335.fastq.gz	fasp.sra.ebi.ac.uk:/vol1/fastq/SRR837/005/SRR8377335/SRR8377335.fastq.gz
SAMN10660693	SRR8377334	SRX5187273	SAMN10660693	SRS4193662	PRJNA512107	SRP174647		SRA827581	CL_Col_49h_H_R3_S186_L007_R1_001.fastq.gz	Col_4h_H_R3	Col_4h_H_R3	PRJNA512107	SINGLE	cDNA	TRANSCRIPTOMIC	RNA-Seq	Col_4h_H_R3	Illumina HiSeq 4000	ILLUMINA	270431529.0	5302579.0	3702	Arabidopsis thaliana	This sample has been submitted by pda|knozue@ucdavis.edu on 2020-01-03; Arabidopsis thaliana	Illumina HiSeq 4000 sequencing; RNA-seq of Arabidopsis thaliana: apical part of 14 days old plants with 49 (h) after  high R/FR  treatment	Shade responsive genes in Col, myc234, npr1, and sid2/eds16	Illumina HiSeq 4000 sequencing; RNA-seq of Arabidopsis thaliana: apical part of 14 days old plants with 49 (h) after  high R/FR  treatment	This sample has been submitted by pda|knozue@ucdavis.edu on 2020-01-03; Arabidopsis thaliana	895d26c74352e72b95f6378a4d4e30ff	150589658	ftp.sra.ebi.ac.uk/vol1/fastq/SRR837/004/SRR8377334/SRR8377334.fastq.gz	ftp.sra.ebi.ac.uk/vol1/fastq/SRR837/004/SRR8377334/SRR8377334.fastq.gz	fasp.sra.ebi.ac.uk:/vol1/fastq/SRR837/004/SRR8377334/SRR8377334.fastq.gz
SAMN10660694	SRR8377333	SRX5187274	SAMN10660694	SRS4193663	PRJNA512107	SRP174647		SRA827581	CL_Col_49h_H_R4_S202_L007_R1_001.fastq.gz	Col_49h_H_R4	Col_49h_H_R4	PRJNA512107	SINGLE	cDNA	TRANSCRIPTOMIC	RNA-Seq	Col_49h_H_R4	Illumina HiSeq 4000	ILLUMINA	256800759.0	5035309.0	3702	Arabidopsis thaliana	This sample has been submitted by pda|knozue@ucdavis.edu on 2020-01-03; Arabidopsis thaliana	Illumina HiSeq 4000 sequencing; RNA-seq of Arabidopsis thaliana: apical part of 14 days old plants with 49 (h) after  high R/FR  treatment	Shade responsive genes in Col, myc234, npr1, and sid2/eds16	Illumina HiSeq 4000 sequencing; RNA-seq of Arabidopsis thaliana: apical part of 14 days old plants with 49 (h) after  high R/FR  treatment	This sample has been submitted by pda|knozue@ucdavis.edu on 2020-01-03; Arabidopsis thaliana	bdaf779fefc6c3698953ec5e047a3215	145250951	ftp.sra.ebi.ac.uk/vol1/fastq/SRR837/003/SRR8377333/SRR8377333.fastq.gz	ftp.sra.ebi.ac.uk/vol1/fastq/SRR837/003/SRR8377333/SRR8377333.fastq.gz	fasp.sra.ebi.ac.uk:/vol1/fastq/SRR837/003/SRR8377333/SRR8377333.fastq.gz
SAMN10660699	SRR8377332	SRX5187275	SAMN10660699	SRS4193664	PRJNA512107	SRP174647		SRA827581	CL_myc234_1h_H_R1_S147_L007_R1_001.fastq.gz	myc234_1h_H_R1	myc234_1h_H_R1	PRJNA512107	SINGLE	cDNA	TRANSCRIPTOMIC	RNA-Seq	myc234_1h_H_R1	Illumina HiSeq 4000	ILLUMINA	338004285.0	6627535.0	3702	Arabidopsis thaliana	This sample has been submitted by pda|knozue@ucdavis.edu on 2020-01-03; Arabidopsis thaliana	Illumina HiSeq 4000 sequencing; RNA-seq of Arabidopsis thaliana: apical part of 14 days old plants with 1 (h) after  high R/FR  treatment	Shade responsive genes in Col, myc234, npr1, and sid2/eds16	Illumina HiSeq 4000 sequencing; RNA-seq of Arabidopsis thaliana: apical part of 14 days old plants with 1 (h) after  high R/FR  treatment	This sample has been submitted by pda|knozue@ucdavis.edu on 2020-01-03; Arabidopsis thaliana	ce58e43cf556b7628371a2af1069d3df	186776036	ftp.sra.ebi.ac.uk/vol1/fastq/SRR837/002/SRR8377332/SRR8377332.fastq.gz	ftp.sra.ebi.ac.uk/vol1/fastq/SRR837/002/SRR8377332/SRR8377332.fastq.gz	fasp.sra.ebi.ac.uk:/vol1/fastq/SRR837/002/SRR8377332/SRR8377332.fastq.gz
SAMN10660700	SRR8377331	SRX5187276	SAMN10660700	SRS4193665	PRJNA512107	SRP174647		SRA827581	CL_myc234_1h_H_R2_S163_L007_R1_001.fastq.gz	myc234_1h_H_R2	myc234_1h_H_R2	PRJNA512107	SINGLE	cDNA	TRANSCRIPTOMIC	RNA-Seq	myc234_1h_H_R2	Illumina HiSeq 4000	ILLUMINA	321949740.0	6312740.0	3702	Arabidopsis thaliana	This sample has been submitted by pda|knozue@ucdavis.edu on 2020-01-03; Arabidopsis thaliana	Illumina HiSeq 4000 sequencing; RNA-seq of Arabidopsis thaliana: apical part of 14 days old plants with 1 (h) after  high R/FR  treatment	Shade responsive genes in Col, myc234, npr1, and sid2/eds16	Illumina HiSeq 4000 sequencing; RNA-seq of Arabidopsis thaliana: apical part of 14 days old plants with 1 (h) after  high R/FR  treatment	This sample has been submitted by pda|knozue@ucdavis.edu on 2020-01-03; Arabidopsis thaliana	d8686f2e4bb7b4ecd1bebf7145fda07e	177365246	ftp.sra.ebi.ac.uk/vol1/fastq/SRR837/001/SRR8377331/SRR8377331.fastq.gz	ftp.sra.ebi.ac.uk/vol1/fastq/SRR837/001/SRR8377331/SRR8377331.fastq.gz	fasp.sra.ebi.ac.uk:/vol1/fastq/SRR837/001/SRR8377331/SRR8377331.fastq.gz
SAMN10660697	SRR8377330	SRX5187277	SAMN10660697	SRS4193666	PRJNA512107	SRP174647		SRA827581	CL_Col_49h_L_R3_S190_L007_R1_001.fastq.gz	Col_49h_L_R3	Col_49h_L_R3	PRJNA512107	SINGLE	cDNA	TRANSCRIPTOMIC	RNA-Seq	Col_49h_L_R3	Illumina HiSeq 4000	ILLUMINA	255748680.0	5014680.0	3702	Arabidopsis thaliana	This sample has been submitted by pda|knozue@ucdavis.edu on 2020-01-03; Arabidopsis thaliana	Illumina HiSeq 4000 sequencing; RNA-seq of Arabidopsis thaliana: apical part of 14 days old plants with 49 (h) after  low R/FR  treatment	Shade responsive genes in Col, myc234, npr1, and sid2/eds16	Illumina HiSeq 4000 sequencing; RNA-seq of Arabidopsis thaliana: apical part of 14 days old plants with 49 (h) after  low R/FR  treatment	This sample has been submitted by pda|knozue@ucdavis.edu on 2020-01-03; Arabidopsis thaliana	77f0cd77d54ef3ef67b71af614ce3703	143960649	ftp.sra.ebi.ac.uk/vol1/fastq/SRR837/000/SRR8377330/SRR8377330.fastq.gz	ftp.sra.ebi.ac.uk/vol1/fastq/SRR837/000/SRR8377330/SRR8377330.fastq.gz	fasp.sra.ebi.ac.uk:/vol1/fastq/SRR837/000/SRR8377330/SRR8377330.fastq.gz
SAMN10660698	SRR8377329	SRX5187278	SAMN10660698	SRS4193667	PRJNA512107	SRP174647		SRA827581	CL_Col_49h_L_R4_S206_L007_R1_001.fastq.gz	Col_49h_L_R4	Col_49h_L_R4	PRJNA512107	SINGLE	cDNA	TRANSCRIPTOMIC	RNA-Seq	Col_49h_L_R4	Illumina HiSeq 4000	ILLUMINA	252902370.0	4958870.0	3702	Arabidopsis thaliana	This sample has been submitted by pda|knozue@ucdavis.edu on 2020-01-03; Arabidopsis thaliana	Illumina HiSeq 4000 sequencing; RNA-seq of Arabidopsis thaliana: apical part of 14 days old plants with 49 (h) after  low R/FR  treatment	Shade responsive genes in Col, myc234, npr1, and sid2/eds16	Illumina HiSeq 4000 sequencing; RNA-seq of Arabidopsis thaliana: apical part of 14 days old plants with 49 (h) after  low R/FR  treatment	This sample has been submitted by pda|knozue@ucdavis.edu on 2020-01-03; Arabidopsis thaliana	ce846ec3ff84113ae9d75352be95273d	142805496	ftp.sra.ebi.ac.uk/vol1/fastq/SRR837/009/SRR8377329/SRR8377329.fastq.gz	ftp.sra.ebi.ac.uk/vol1/fastq/SRR837/009/SRR8377329/SRR8377329.fastq.gz	fasp.sra.ebi.ac.uk:/vol1/fastq/SRR837/009/SRR8377329/SRR8377329.fastq.gz
SAMN10660701	SRR8377326	SRX5187281	SAMN10660701	SRS4193670	PRJNA512107	SRP174647		SRA827581	CL_myc234_1h_H_R3_S179_L007_R1_001.fastq.gz	myc234_1h_H_R3	myc234_1h_H_R3	PRJNA512107	SINGLE	cDNA	TRANSCRIPTOMIC	RNA-Seq	myc234_1h_H_R3	Illumina HiSeq 4000	ILLUMINA	276770064.0	5426864.0	3702	Arabidopsis thaliana	This sample has been submitted by pda|knozue@ucdavis.edu on 2020-01-03; Arabidopsis thaliana	Illumina HiSeq 4000 sequencing; RNA-seq of Arabidopsis thaliana: apical part of 14 days old plants with 1 (h) after  high R/FR  treatment	Shade responsive genes in Col, myc234, npr1, and sid2/eds16	Illumina HiSeq 4000 sequencing; RNA-seq of Arabidopsis thaliana: apical part of 14 days old plants with 1 (h) after  high R/FR  treatment	This sample has been submitted by pda|knozue@ucdavis.edu on 2020-01-03; Arabidopsis thaliana	800504967445d9ceb079d79f49bb048a	156605286	ftp.sra.ebi.ac.uk/vol1/fastq/SRR837/006/SRR8377326/SRR8377326.fastq.gz	ftp.sra.ebi.ac.uk/vol1/fastq/SRR837/006/SRR8377326/SRR8377326.fastq.gz	fasp.sra.ebi.ac.uk:/vol1/fastq/SRR837/006/SRR8377326/SRR8377326.fastq.gz
SAMN10660702	SRR8377325	SRX5187282	SAMN10660702	SRS4193671	PRJNA512107	SRP174647		SRA827581	CL_myc234_1h_H_R4_S195_L007_R1_001.fastq.gz	myc234_1h_H_R4	myc234_1h_H_R4	PRJNA512107	SINGLE	cDNA	TRANSCRIPTOMIC	RNA-Seq	myc234_1h_H_R4	Illumina HiSeq 4000	ILLUMINA	212921889.0	4174939.0	3702	Arabidopsis thaliana	This sample has been submitted by pda|knozue@ucdavis.edu on 2020-01-03; Arabidopsis thaliana	Illumina HiSeq 4000 sequencing; RNA-seq of Arabidopsis thaliana: apical part of 14 days old plants with 1 (h) after  high R/FR  treatment	Shade responsive genes in Col, myc234, npr1, and sid2/eds16	Illumina HiSeq 4000 sequencing; RNA-seq of Arabidopsis thaliana: apical part of 14 days old plants with 1 (h) after  high R/FR  treatment	This sample has been submitted by pda|knozue@ucdavis.edu on 2020-01-03; Arabidopsis thaliana	ca66b8b864af9af5bfd7e1cd4e9cf96d	120296380	ftp.sra.ebi.ac.uk/vol1/fastq/SRR837/005/SRR8377325/SRR8377325.fastq.gz	ftp.sra.ebi.ac.uk/vol1/fastq/SRR837/005/SRR8377325/SRR8377325.fastq.gz	fasp.sra.ebi.ac.uk:/vol1/fastq/SRR837/005/SRR8377325/SRR8377325.fastq.gz
SAMN10660712	SRR8377315	SRX5187292	SAMN10660712	SRS4193681	PRJNA512107	SRP174647		SRA827581	CL_myc234_49h_L_R2_S175_L007_R1_001.fastq.gz	myc234_49h_L_R2	myc234_49h_L_R2	PRJNA512107	SINGLE	cDNA	TRANSCRIPTOMIC	RNA-Seq	myc234_49h_L_R2	Illumina HiSeq 4000	ILLUMINA	256276020.0	5025020.0	3702	Arabidopsis thaliana	This sample has been submitted by pda|knozue@ucdavis.edu on 2020-01-03; Arabidopsis thaliana	Illumina HiSeq 4000 sequencing; RNA-seq of Arabidopsis thaliana: apical part of 14 days old plants with 49 (h) after  low R/FR  treatment	Shade responsive genes in Col, myc234, npr1, and sid2/eds16	Illumina HiSeq 4000 sequencing; RNA-seq of Arabidopsis thaliana: apical part of 14 days old plants with 49 (h) after  low R/FR  treatment	This sample has been submitted by pda|knozue@ucdavis.edu on 2020-01-03; Arabidopsis thaliana	5330ae2a18c2ab47c9e910ef506655f8	144457297	ftp.sra.ebi.ac.uk/vol1/fastq/SRR837/005/SRR8377315/SRR8377315.fastq.gz	ftp.sra.ebi.ac.uk/vol1/fastq/SRR837/005/SRR8377315/SRR8377315.fastq.gz	fasp.sra.ebi.ac.uk:/vol1/fastq/SRR837/005/SRR8377315/SRR8377315.fastq.gz
SAMN10660711	SRR8377314	SRX5187293	SAMN10660711	SRS4193682	PRJNA512107	SRP174647		SRA827581	CL_myc234_49h_L_R1_S159_L007_R1_001.fastq.gz	myc234_49h_L_R1	myc234_49h_L_R1	PRJNA512107	SINGLE	cDNA	TRANSCRIPTOMIC	RNA-Seq	myc234_49h_L_R1	Illumina HiSeq 4000	ILLUMINA	255490467.0	5009617.0	3702	Arabidopsis thaliana	This sample has been submitted by pda|knozue@ucdavis.edu on 2020-01-03; Arabidopsis thaliana	Illumina HiSeq 4000 sequencing; RNA-seq of Arabidopsis thaliana: apical part of 14 days old plants with 49 (h) after  low R/FR  treatment	Shade responsive genes in Col, myc234, npr1, and sid2/eds16	Illumina HiSeq 4000 sequencing; RNA-seq of Arabidopsis thaliana: apical part of 14 days old plants with 49 (h) after  low R/FR  treatment	This sample has been submitted by pda|knozue@ucdavis.edu on 2020-01-03; Arabidopsis thaliana	798b4674527768696ccd3f9abbcd2bc9	143504972	ftp.sra.ebi.ac.uk/vol1/fastq/SRR837/004/SRR8377314/SRR8377314.fastq.gz	ftp.sra.ebi.ac.uk/vol1/fastq/SRR837/004/SRR8377314/SRR8377314.fastq.gz	fasp.sra.ebi.ac.uk:/vol1/fastq/SRR837/004/SRR8377314/SRR8377314.fastq.gz
SAMN10660710	SRR8377313	SRX5187294	SAMN10660710	SRS4193683	PRJNA512107	SRP174647		SRA827581	CL_myc234_49h_H_R4_S203_L007_R1_001.fastq.gz	myc234_49h_H_R4	myc234_49h_H_R4	PRJNA512107	SINGLE	cDNA	TRANSCRIPTOMIC	RNA-Seq	myc234_49h_H_R4	Illumina HiSeq 4000	ILLUMINA	303276804.0	5946604.0	3702	Arabidopsis thaliana	This sample has been submitted by pda|knozue@ucdavis.edu on 2020-01-03; Arabidopsis thaliana	Illumina HiSeq 4000 sequencing; RNA-seq of Arabidopsis thaliana: apical part of 14 days old plants with 49 (h) after  high R/FR  treatment	Shade responsive genes in Col, myc234, npr1, and sid2/eds16	Illumina HiSeq 4000 sequencing; RNA-seq of Arabidopsis thaliana: apical part of 14 days old plants with 49 (h) after  high R/FR  treatment	This sample has been submitted by pda|knozue@ucdavis.edu on 2020-01-03; Arabidopsis thaliana	e1e9a8e1d9f461a99157757099f9ded0	171604181	ftp.sra.ebi.ac.uk/vol1/fastq/SRR837/003/SRR8377313/SRR8377313.fastq.gz	ftp.sra.ebi.ac.uk/vol1/fastq/SRR837/003/SRR8377313/SRR8377313.fastq.gz	fasp.sra.ebi.ac.uk:/vol1/fastq/SRR837/003/SRR8377313/SRR8377313.fastq.gz
SAMN10660709	SRR8377312	SRX5187295	SAMN10660709	SRS4193684	PRJNA512107	SRP174647		SRA827581	CL_myc234_49h_H_R3_S187_L007_R1_001.fastq.gz	myc234_4h_H_R3	myc234_4h_H_R3	PRJNA512107	SINGLE	cDNA	TRANSCRIPTOMIC	RNA-Seq	myc234_4h_H_R3	Illumina HiSeq 4000	ILLUMINA	324327921.0	6359371.0	3702	Arabidopsis thaliana	This sample has been submitted by pda|knozue@ucdavis.edu on 2020-01-03; Arabidopsis thaliana	Illumina HiSeq 4000 sequencing; RNA-seq of Arabidopsis thaliana: apical part of 14 days old plants with 49 (h) after  high R/FR  treatment	Shade responsive genes in Col, myc234, npr1, and sid2/eds16	Illumina HiSeq 4000 sequencing; RNA-seq of Arabidopsis thaliana: apical part of 14 days old plants with 49 (h) after  high R/FR  treatment	This sample has been submitted by pda|knozue@ucdavis.edu on 2020-01-03; Arabidopsis thaliana	c318daee632dcf645898791636633a79	178844970	ftp.sra.ebi.ac.uk/vol1/fastq/SRR837/002/SRR8377312/SRR8377312.fastq.gz	ftp.sra.ebi.ac.uk/vol1/fastq/SRR837/002/SRR8377312/SRR8377312.fastq.gz	fasp.sra.ebi.ac.uk:/vol1/fastq/SRR837/002/SRR8377312/SRR8377312.fastq.gz
SAMN10660708	SRR8377311	SRX5187296	SAMN10660708	SRS4193685	PRJNA512107	SRP174647		SRA827581	CL_myc234_49h_H_R2_S171_L007_R1_001.fastq.gz	myc234_49h_H_R2	myc234_49h_H_R2	PRJNA512107	SINGLE	cDNA	TRANSCRIPTOMIC	RNA-Seq	myc234_49h_H_R2	Illumina HiSeq 4000	ILLUMINA	360970605.0	7077855.0	3702	Arabidopsis thaliana	This sample has been submitted by pda|knozue@ucdavis.edu on 2020-01-03; Arabidopsis thaliana	Illumina HiSeq 4000 sequencing; RNA-seq of Arabidopsis thaliana: apical part of 14 days old plants with 49 (h) after  high R/FR  treatment	Shade responsive genes in Col, myc234, npr1, and sid2/eds16	Illumina HiSeq 4000 sequencing; RNA-seq of Arabidopsis thaliana: apical part of 14 days old plants with 49 (h) after  high R/FR  treatment	This sample has been submitted by pda|knozue@ucdavis.edu on 2020-01-03; Arabidopsis thaliana	78ba726026f9a944568ab1a3dd604e6f	200867345	ftp.sra.ebi.ac.uk/vol1/fastq/SRR837/001/SRR8377311/SRR8377311.fastq.gz	ftp.sra.ebi.ac.uk/vol1/fastq/SRR837/001/SRR8377311/SRR8377311.fastq.gz	fasp.sra.ebi.ac.uk:/vol1/fastq/SRR837/001/SRR8377311/SRR8377311.fastq.gz
SAMN10660707	SRR8377310	SRX5187297	SAMN10660707	SRS4193686	PRJNA512107	SRP174647		SRA827581	CL_myc234_49h_H_R1_S155_L007_R1_001.fastq.gz	myc234_49h_H_R1	myc234_49h_H_R1	PRJNA512107	SINGLE	cDNA	TRANSCRIPTOMIC	RNA-Seq	myc234_49h_H_R1	Illumina HiSeq 4000	ILLUMINA	244883895.0	4801645.0	3702	Arabidopsis thaliana	This sample has been submitted by pda|knozue@ucdavis.edu on 2020-01-03; Arabidopsis thaliana	Illumina HiSeq 4000 sequencing; RNA-seq of Arabidopsis thaliana: apical part of 14 days old plants with 49 (h) after  high R/FR  treatment	Shade responsive genes in Col, myc234, npr1, and sid2/eds16	Illumina HiSeq 4000 sequencing; RNA-seq of Arabidopsis thaliana: apical part of 14 days old plants with 49 (h) after  high R/FR  treatment	This sample has been submitted by pda|knozue@ucdavis.edu on 2020-01-03; Arabidopsis thaliana	4ffae35588070117b6258cd7fff65f9b	138185815	ftp.sra.ebi.ac.uk/vol1/fastq/SRR837/000/SRR8377310/SRR8377310.fastq.gz	ftp.sra.ebi.ac.uk/vol1/fastq/SRR837/000/SRR8377310/SRR8377310.fastq.gz	fasp.sra.ebi.ac.uk:/vol1/fastq/SRR837/000/SRR8377310/SRR8377310.fastq.gz
SAMN10660706	SRR8377309	SRX5187298	SAMN10660706	SRS4193687	PRJNA512107	SRP174647		SRA827581	CL_myc234_1h_L_R4_S199_L007_R1_001.fastq.gz	myc234_1h_L_R4	myc234_1h_L_R4	PRJNA512107	SINGLE	cDNA	TRANSCRIPTOMIC	RNA-Seq	myc234_1h_L_R4	Illumina HiSeq 4000	ILLUMINA	210612915.0	4129665.0	3702	Arabidopsis thaliana	This sample has been submitted by pda|knozue@ucdavis.edu on 2020-01-03; Arabidopsis thaliana	Illumina HiSeq 4000 sequencing; RNA-seq of Arabidopsis thaliana: apical part of 14 days old plants with 1 (h) after  low R/FR  treatment	Shade responsive genes in Col, myc234, npr1, and sid2/eds16	Illumina HiSeq 4000 sequencing; RNA-seq of Arabidopsis thaliana: apical part of 14 days old plants with 1 (h) after  low R/FR  treatment	This sample has been submitted by pda|knozue@ucdavis.edu on 2020-01-03; Arabidopsis thaliana	bf374bb85c061c84b88ffa90e623c7d5	119564844	ftp.sra.ebi.ac.uk/vol1/fastq/SRR837/009/SRR8377309/SRR8377309.fastq.gz	ftp.sra.ebi.ac.uk/vol1/fastq/SRR837/009/SRR8377309/SRR8377309.fastq.gz	fasp.sra.ebi.ac.uk:/vol1/fastq/SRR837/009/SRR8377309/SRR8377309.fastq.gz
SAMN10660705	SRR8377308	SRX5187299	SAMN10660705	SRS4193688	PRJNA512107	SRP174647		SRA827581	CL_myc234_1h_L_R3_S183_L007_R1_001.fastq.gz	myc234_1h_L_R3	myc234_1h_L_R3	PRJNA512107	SINGLE	cDNA	TRANSCRIPTOMIC	RNA-Seq	myc234_1h_L_R3	Illumina HiSeq 4000	ILLUMINA	215060166.0	4216866.0	3702	Arabidopsis thaliana	This sample has been submitted by pda|knozue@ucdavis.edu on 2020-01-03; Arabidopsis thaliana	Illumina HiSeq 4000 sequencing; RNA-seq of Arabidopsis thaliana: apical part of 14 days old plants with 1 (h) after  low R/FR  treatment	Shade responsive genes in Col, myc234, npr1, and sid2/eds16	Illumina HiSeq 4000 sequencing; RNA-seq of Arabidopsis thaliana: apical part of 14 days old plants with 1 (h) after  low R/FR  treatment	This sample has been submitted by pda|knozue@ucdavis.edu on 2020-01-03; Arabidopsis thaliana	7954ffb4577806a9992648715cbdf597	120963810	ftp.sra.ebi.ac.uk/vol1/fastq/SRR837/008/SRR8377308/SRR8377308.fastq.gz	ftp.sra.ebi.ac.uk/vol1/fastq/SRR837/008/SRR8377308/SRR8377308.fastq.gz	fasp.sra.ebi.ac.uk:/vol1/fastq/SRR837/008/SRR8377308/SRR8377308.fastq.gz
SAMN10660704	SRR8377307	SRX5187300	SAMN10660704	SRS4193689	PRJNA512107	SRP174647		SRA827581	CL_myc234_1h_L_R2_S167_L007_R1_001.fastq.gz	myc234_1h_L_R2	myc234_1h_L_R2	PRJNA512107	SINGLE	cDNA	TRANSCRIPTOMIC	RNA-Seq	myc234_1h_L_R2	Illumina HiSeq 4000	ILLUMINA	351999807.0	6901957.0	3702	Arabidopsis thaliana	This sample has been submitted by pda|knozue@ucdavis.edu on 2020-01-03; Arabidopsis thaliana	Illumina HiSeq 4000 sequencing; RNA-seq of Arabidopsis thaliana: apical part of 14 days old plants with 1 (h) after  low R/FR  treatment	Shade responsive genes in Col, myc234, npr1, and sid2/eds16	Illumina HiSeq 4000 sequencing; RNA-seq of Arabidopsis thaliana: apical part of 14 days old plants with 1 (h) after  low R/FR  treatment	This sample has been submitted by pda|knozue@ucdavis.edu on 2020-01-03; Arabidopsis thaliana	b9e05b3a44c225b529d48ac4da7614dc	192846493	ftp.sra.ebi.ac.uk/vol1/fastq/SRR837/007/SRR8377307/SRR8377307.fastq.gz	ftp.sra.ebi.ac.uk/vol1/fastq/SRR837/007/SRR8377307/SRR8377307.fastq.gz	fasp.sra.ebi.ac.uk:/vol1/fastq/SRR837/007/SRR8377307/SRR8377307.fastq.gz
SAMN10660703	SRR8377306	SRX5187301	SAMN10660703	SRS4193690	PRJNA512107	SRP174647		SRA827581	CL_myc234_1h_L_R1_S151_L007_R1_001.fastq.gz	myc234_1h_L_R1	myc234_1h_L_R1	PRJNA512107	SINGLE	cDNA	TRANSCRIPTOMIC	RNA-Seq	myc234_1h_L_R1	Illumina HiSeq 4000	ILLUMINA	356064099.0	6981649.0	3702	Arabidopsis thaliana	This sample has been submitted by pda|knozue@ucdavis.edu on 2020-01-03; Arabidopsis thaliana	Illumina HiSeq 4000 sequencing; RNA-seq of Arabidopsis thaliana: apical part of 14 days old plants with 1 (h) after  low R/FR  treatment	Shade responsive genes in Col, myc234, npr1, and sid2/eds16	Illumina HiSeq 4000 sequencing; RNA-seq of Arabidopsis thaliana: apical part of 14 days old plants with 1 (h) after  low R/FR  treatment	This sample has been submitted by pda|knozue@ucdavis.edu on 2020-01-03; Arabidopsis thaliana	4604ebb25f8100367b71de845e05ec7b	181661264	ftp.sra.ebi.ac.uk/vol1/fastq/SRR837/006/SRR8377306/SRR8377306.fastq.gz	ftp.sra.ebi.ac.uk/vol1/fastq/SRR837/006/SRR8377306/SRR8377306.fastq.gz	fasp.sra.ebi.ac.uk:/vol1/fastq/SRR837/006/SRR8377306/SRR8377306.fastq.gz
SAMN10660691	SRR8377294	SRX5187313	SAMN10660691	SRS4193702	PRJNA512107	SRP174647		SRA827581	CL_Col_49h_H_R1_S154_L007_R1_001.fastq.gz	Col_49h_H_R1	Col_49h_H_R1	PRJNA512107	SINGLE	cDNA	TRANSCRIPTOMIC	RNA-Seq	Col_49h_H_R1	Illumina HiSeq 4000	ILLUMINA	265765539.0	5211089.0	3702	Arabidopsis thaliana	This sample has been submitted by pda|knozue@ucdavis.edu on 2020-01-03; Arabidopsis thaliana	Illumina HiSeq 4000 sequencing; RNA-seq of Arabidopsis thaliana: apical part of 14 days old plants with 49 (h) after  high R/FR  treatment	Shade responsive genes in Col, myc234, npr1, and sid2/eds16	Illumina HiSeq 4000 sequencing; RNA-seq of Arabidopsis thaliana: apical part of 14 days old plants with 49 (h) after  high R/FR  treatment	This sample has been submitted by pda|knozue@ucdavis.edu on 2020-01-03; Arabidopsis thaliana	2982dbd0e9ebf207a7e98b806c6e3d1a	150247744	ftp.sra.ebi.ac.uk/vol1/fastq/SRR837/004/SRR8377294/SRR8377294.fastq.gz	ftp.sra.ebi.ac.uk/vol1/fastq/SRR837/004/SRR8377294/SRR8377294.fastq.gz	fasp.sra.ebi.ac.uk:/vol1/fastq/SRR837/004/SRR8377294/SRR8377294.fastq.gz
SAMN10660692	SRR8377293	SRX5187314	SAMN10660692	SRS4193703	PRJNA512107	SRP174647		SRA827581	CL_Col_49h_H_R2_S170_L007_R1_001.fastq.gz	Col_49h_H_R2	Col_49h_H_R2	PRJNA512107	SINGLE	cDNA	TRANSCRIPTOMIC	RNA-Seq	Col_49h_H_R2	Illumina HiSeq 4000	ILLUMINA	150453723.0	2950073.0	3702	Arabidopsis thaliana	This sample has been submitted by pda|knozue@ucdavis.edu on 2020-01-03; Arabidopsis thaliana	Illumina HiSeq 4000 sequencing; RNA-seq of Arabidopsis thaliana: apical part of 14 days old plants with 49 (h) after  high R/FR  treatment	Shade responsive genes in Col, myc234, npr1, and sid2/eds16	Illumina HiSeq 4000 sequencing; RNA-seq of Arabidopsis thaliana: apical part of 14 days old plants with 49 (h) after  high R/FR  treatment	This sample has been submitted by pda|knozue@ucdavis.edu on 2020-01-03; Arabidopsis thaliana	697fc18a108e5942d7a61f98e96bbbf5	81329446	ftp.sra.ebi.ac.uk/vol1/fastq/SRR837/003/SRR8377293/SRR8377293.fastq.gz	ftp.sra.ebi.ac.uk/vol1/fastq/SRR837/003/SRR8377293/SRR8377293.fastq.gz	fasp.sra.ebi.ac.uk:/vol1/fastq/SRR837/003/SRR8377293/SRR8377293.fastq.gz
SAMN10660683	SRR8377291	SRX5187316	SAMN10660683	SRS4193705	PRJNA512107	SRP174647		SRA827581	CL_Col_1h_H_R1_S146_L007_R1_001.fastq.gz	Col_1h_H_R1	Col_1h_H_R1	PRJNA512107	SINGLE	cDNA	TRANSCRIPTOMIC	RNA-Seq	Col_1h_H_R1	Illumina HiSeq 4000	ILLUMINA	317062257.0	6216907.0	3702	Arabidopsis thaliana	This sample has been submitted by pda|knozue@ucdavis.edu on 2020-01-03; Arabidopsis thaliana	Illumina HiSeq 4000 sequencing; RNA-seq of Arabidopsis thaliana: apical part of 14 days old plants with 1 (h) after  high R/FR  treatment	Shade responsive genes in Col, myc234, npr1, and sid2/eds16	Illumina HiSeq 4000 sequencing; RNA-seq of Arabidopsis thaliana: apical part of 14 days old plants with 1 (h) after  high R/FR  treatment	This sample has been submitted by pda|knozue@ucdavis.edu on 2020-01-03; Arabidopsis thaliana	e258206d918c885c45297d9f0c7177a3	173329021	ftp.sra.ebi.ac.uk/vol1/fastq/SRR837/001/SRR8377291/SRR8377291.fastq.gz	ftp.sra.ebi.ac.uk/vol1/fastq/SRR837/001/SRR8377291/SRR8377291.fastq.gz	fasp.sra.ebi.ac.uk:/vol1/fastq/SRR837/001/SRR8377291/SRR8377291.fastq.gz
SAMN10660684	SRR8377290	SRX5187317	SAMN10660684	SRS4193706	PRJNA512107	SRP174647		SRA827581	CL_Col_1h_H_R2_S162_L007_R1_001.fastq.gz	Col_1h_H_R2	Col_1h_H_R2	PRJNA512107	SINGLE	cDNA	TRANSCRIPTOMIC	RNA-Seq	Col_1h_H_R2	Illumina HiSeq 4000	ILLUMINA	262741545.0	5151795.0	3702	Arabidopsis thaliana	This sample has been submitted by pda|knozue@ucdavis.edu on 2020-01-03; Arabidopsis thaliana	Illumina HiSeq 4000 sequencing; RNA-seq of Arabidopsis thaliana: apical part of 14 days old plants with 1 (h) after  high R/FR  treatment	Shade responsive genes in Col, myc234, npr1, and sid2/eds16	Illumina HiSeq 4000 sequencing; RNA-seq of Arabidopsis thaliana: apical part of 14 days old plants with 1 (h) after  high R/FR  treatment	This sample has been submitted by pda|knozue@ucdavis.edu on 2020-01-03; Arabidopsis thaliana	ede2baf9ee264a23d69ffe2add278ddc	143684616	ftp.sra.ebi.ac.uk/vol1/fastq/SRR837/000/SRR8377290/SRR8377290.fastq.gz	ftp.sra.ebi.ac.uk/vol1/fastq/SRR837/000/SRR8377290/SRR8377290.fastq.gz	fasp.sra.ebi.ac.uk:/vol1/fastq/SRR837/000/SRR8377290/SRR8377290.fastq.gz
SAMN10660685	SRR8377289	SRX5187318	SAMN10660685	SRS4193707	PRJNA512107	SRP174647		SRA827581	CL_Col_1h_H_R3_S178_L007_R1_001.fastq.gz	Col_1h_H_R3	Col_1h_H_R3	PRJNA512107	SINGLE	cDNA	TRANSCRIPTOMIC	RNA-Seq	Col_1h_H_R3	Illumina HiSeq 4000	ILLUMINA	301479156.0	5911356.0	3702	Arabidopsis thaliana	This sample has been submitted by pda|knozue@ucdavis.edu on 2020-01-03; Arabidopsis thaliana	Illumina HiSeq 4000 sequencing; RNA-seq of Arabidopsis thaliana: apical part of 14 days old plants with 1 (h) after  high R/FR  treatment	Shade responsive genes in Col, myc234, npr1, and sid2/eds16	Illumina HiSeq 4000 sequencing; RNA-seq of Arabidopsis thaliana: apical part of 14 days old plants with 1 (h) after  high R/FR  treatment	This sample has been submitted by pda|knozue@ucdavis.edu on 2020-01-03; Arabidopsis thaliana	9402814647a7212a2fddd158c7c1370e	168660587	ftp.sra.ebi.ac.uk/vol1/fastq/SRR837/009/SRR8377289/SRR8377289.fastq.gz	ftp.sra.ebi.ac.uk/vol1/fastq/SRR837/009/SRR8377289/SRR8377289.fastq.gz	fasp.sra.ebi.ac.uk:/vol1/fastq/SRR837/009/SRR8377289/SRR8377289.fastq.gz
SAMN10660686	SRR8377288	SRX5187319	SAMN10660686	SRS4193708	PRJNA512107	SRP174647		SRA827581	CL_Col_1h_H_R4_S194_L007_R1_001.fastq.gz	Col_1h_H_R4	Col_1h_H_R4	PRJNA512107	SINGLE	cDNA	TRANSCRIPTOMIC	RNA-Seq	Col_1h_H_R4	Illumina HiSeq 4000	ILLUMINA	232034190.0	4549690.0	3702	Arabidopsis thaliana	This sample has been submitted by pda|knozue@ucdavis.edu on 2020-01-03; Arabidopsis thaliana	Illumina HiSeq 4000 sequencing; RNA-seq of Arabidopsis thaliana: apical part of 14 days old plants with 1 (h) after  high R/FR  treatment	Shade responsive genes in Col, myc234, npr1, and sid2/eds16	Illumina HiSeq 4000 sequencing; RNA-seq of Arabidopsis thaliana: apical part of 14 days old plants with 1 (h) after  high R/FR  treatment	This sample has been submitted by pda|knozue@ucdavis.edu on 2020-01-03; Arabidopsis thaliana	9c9ba5d23a317265215d305692d7c5d3	130969795	ftp.sra.ebi.ac.uk/vol1/fastq/SRR837/008/SRR8377288/SRR8377288.fastq.gz	ftp.sra.ebi.ac.uk/vol1/fastq/SRR837/008/SRR8377288/SRR8377288.fastq.gz	fasp.sra.ebi.ac.uk:/vol1/fastq/SRR837/008/SRR8377288/SRR8377288.fastq.gz
SAMN10660687	SRR8377287	SRX5187320	SAMN10660687	SRS4193709	PRJNA512107	SRP174647		SRA827581	CL_Col_1h_L_R1_S150_L007_R1_001.fastq.gz	Col_1h_L_R1	Col_1h_L_R1	PRJNA512107	SINGLE	cDNA	TRANSCRIPTOMIC	RNA-Seq	Col_1h_L_R1	Illumina HiSeq 4000	ILLUMINA	310196280.0	6082280.0	3702	Arabidopsis thaliana	This sample has been submitted by pda|knozue@ucdavis.edu on 2020-01-03; Arabidopsis thaliana	Illumina HiSeq 4000 sequencing; RNA-seq of Arabidopsis thaliana: apical part of 14 days old plants with 1 (h) after  low R/FR  treatment	Shade responsive genes in Col, myc234, npr1, and sid2/eds16	Illumina HiSeq 4000 sequencing; RNA-seq of Arabidopsis thaliana: apical part of 14 days old plants with 1 (h) after  low R/FR  treatment	This sample has been submitted by pda|knozue@ucdavis.edu on 2020-01-03; Arabidopsis thaliana	8d462bdb31058db6fb42e4aeb5ad2d73	167103410	ftp.sra.ebi.ac.uk/vol1/fastq/SRR837/007/SRR8377287/SRR8377287.fastq.gz	ftp.sra.ebi.ac.uk/vol1/fastq/SRR837/007/SRR8377287/SRR8377287.fastq.gz	fasp.sra.ebi.ac.uk:/vol1/fastq/SRR837/007/SRR8377287/SRR8377287.fastq.gz
SAMN10660688	SRR8377286	SRX5187321	SAMN10660688	SRS4193710	PRJNA512107	SRP174647		SRA827581	CL_Col_1h_L_R2_S166_L007_R1_001.fastq.gz	Col_1h_L_R2	Col_1h_L_R2	PRJNA512107	SINGLE	cDNA	TRANSCRIPTOMIC	RNA-Seq	Col_1h_L_R2	Illumina HiSeq 4000	ILLUMINA	284893599.0	5586149.0	3702	Arabidopsis thaliana	This sample has been submitted by pda|knozue@ucdavis.edu on 2020-01-03; Arabidopsis thaliana	Illumina HiSeq 4000 sequencing; RNA-seq of Arabidopsis thaliana: apical part of 14 days old plants with 1 (h) after  low R/FR  treatment	Shade responsive genes in Col, myc234, npr1, and sid2/eds16	Illumina HiSeq 4000 sequencing; RNA-seq of Arabidopsis thaliana: apical part of 14 days old plants with 1 (h) after  low R/FR  treatment	This sample has been submitted by pda|knozue@ucdavis.edu on 2020-01-03; Arabidopsis thaliana	911c8eafb0164b5cd5cdae621d977fa1	155376637	ftp.sra.ebi.ac.uk/vol1/fastq/SRR837/006/SRR8377286/SRR8377286.fastq.gz	ftp.sra.ebi.ac.uk/vol1/fastq/SRR837/006/SRR8377286/SRR8377286.fastq.gz	fasp.sra.ebi.ac.uk:/vol1/fastq/SRR837/006/SRR8377286/SRR8377286.fastq.gz
SAMN10660689	SRR8377285	SRX5187322	SAMN10660689	SRS4193711	PRJNA512107	SRP174647		SRA827581	CL_Col_1h_L_R3_S182_L007_R1_001.fastq.gz	Col_1h_L_R3	Col_1h_L_R3	PRJNA512107	SINGLE	cDNA	TRANSCRIPTOMIC	RNA-Seq	Col_1h_L_R3	Illumina HiSeq 4000	ILLUMINA	305473833.0	5989683.0	3702	Arabidopsis thaliana	This sample has been submitted by pda|knozue@ucdavis.edu on 2020-01-03; Arabidopsis thaliana	Illumina HiSeq 4000 sequencing; RNA-seq of Arabidopsis thaliana: apical part of 14 days old plants with 1 (h) after  low R/FR  treatment	Shade responsive genes in Col, myc234, npr1, and sid2/eds16	Illumina HiSeq 4000 sequencing; RNA-seq of Arabidopsis thaliana: apical part of 14 days old plants with 1 (h) after  low R/FR  treatment	This sample has been submitted by pda|knozue@ucdavis.edu on 2020-01-03; Arabidopsis thaliana	0aa86d0045935bd42f6eb178475ca710	170588709	ftp.sra.ebi.ac.uk/vol1/fastq/SRR837/005/SRR8377285/SRR8377285.fastq.gz	ftp.sra.ebi.ac.uk/vol1/fastq/SRR837/005/SRR8377285/SRR8377285.fastq.gz	fasp.sra.ebi.ac.uk:/vol1/fastq/SRR837/005/SRR8377285/SRR8377285.fastq.gz
SAMN10660690	SRR8377284	SRX5187323	SAMN10660690	SRS4193712	PRJNA512107	SRP174647		SRA827581	CL_Col_1h_L_R4_S198_L007_R1_001.fastq.gz	Col_1h_L_R4	Col_1h_L_R4	PRJNA512107	SINGLE	cDNA	TRANSCRIPTOMIC	RNA-Seq	Col_1h_L_R4	Illumina HiSeq 4000	ILLUMINA	225425916.0	4420116.0	3702	Arabidopsis thaliana	This sample has been submitted by pda|knozue@ucdavis.edu on 2020-01-03; Arabidopsis thaliana	Illumina HiSeq 4000 sequencing; RNA-seq of Arabidopsis thaliana: apical part of 14 days old plants with 1 (h) after  low R/FR  treatment	Shade responsive genes in Col, myc234, npr1, and sid2/eds16	Illumina HiSeq 4000 sequencing; RNA-seq of Arabidopsis thaliana: apical part of 14 days old plants with 1 (h) after  low R/FR  treatment	This sample has been submitted by pda|knozue@ucdavis.edu on 2020-01-03; Arabidopsis thaliana	9c5242ffdc2cc7bad977f2ae1ecb018d	127161104	ftp.sra.ebi.ac.uk/vol1/fastq/SRR837/004/SRR8377284/SRR8377284.fastq.gz	ftp.sra.ebi.ac.uk/vol1/fastq/SRR837/004/SRR8377284/SRR8377284.fastq.gz	fasp.sra.ebi.ac.uk:/vol1/fastq/SRR837/004/SRR8377284/SRR8377284.fastq.gz
SAMN10660713	SRR8377280	SRX5187327	SAMN10660713	SRS4193716	PRJNA512107	SRP174647		SRA827581	CL_myc234_49h_L_R3_S191_L007_R1_001.fastq.gz	myc234_49h_L_R3	myc234_49h_L_R3	PRJNA512107	SINGLE	cDNA	TRANSCRIPTOMIC	RNA-Seq	myc234_49h_L_R3	Illumina HiSeq 4000	ILLUMINA	363774279.0	7132829.0	3702	Arabidopsis thaliana	This sample has been submitted by pda|knozue@ucdavis.edu on 2020-01-03; Arabidopsis thaliana	Illumina HiSeq 4000 sequencing; RNA-seq of Arabidopsis thaliana: apical part of 14 days old plants with 49 (h) after  low R/FR  treatment	Shade responsive genes in Col, myc234, npr1, and sid2/eds16	Illumina HiSeq 4000 sequencing; RNA-seq of Arabidopsis thaliana: apical part of 14 days old plants with 49 (h) after  low R/FR  treatment	This sample has been submitted by pda|knozue@ucdavis.edu on 2020-01-03; Arabidopsis thaliana	1afd059ef3d34897d3187175dc3e9290	203083658	ftp.sra.ebi.ac.uk/vol1/fastq/SRR837/000/SRR8377280/SRR8377280.fastq.gz	ftp.sra.ebi.ac.uk/vol1/fastq/SRR837/000/SRR8377280/SRR8377280.fastq.gz	fasp.sra.ebi.ac.uk:/vol1/fastq/SRR837/000/SRR8377280/SRR8377280.fastq.gz
SAMN10660714	SRR8377279	SRX5187328	SAMN10660714	SRS4193717	PRJNA512107	SRP174647		SRA827581	CL_myc234_49h_L_R4_S207_L007_R1_001.fastq.gz	myc234_49h_L_R4	myc234_49h_L_R4	PRJNA512107	SINGLE	cDNA	TRANSCRIPTOMIC	RNA-Seq	myc234_49h_L_R4	Illumina HiSeq 4000	ILLUMINA	309855702.0	6075602.0	3702	Arabidopsis thaliana	This sample has been submitted by pda|knozue@ucdavis.edu on 2020-01-03; Arabidopsis thaliana	Illumina HiSeq 4000 sequencing; RNA-seq of Arabidopsis thaliana: apical part of 14 days old plants with 49 (h) after  low R/FR  treatment	Shade responsive genes in Col, myc234, npr1, and sid2/eds16	Illumina HiSeq 4000 sequencing; RNA-seq of Arabidopsis thaliana: apical part of 14 days old plants with 49 (h) after  low R/FR  treatment	This sample has been submitted by pda|knozue@ucdavis.edu on 2020-01-03; Arabidopsis thaliana	1fbe63c11abca2f24b16849bed95ead8	174962231	ftp.sra.ebi.ac.uk/vol1/fastq/SRR837/009/SRR8377279/SRR8377279.fastq.gz	ftp.sra.ebi.ac.uk/vol1/fastq/SRR837/009/SRR8377279/SRR8377279.fastq.gz	fasp.sra.ebi.ac.uk:/vol1/fastq/SRR837/009/SRR8377279/SRR8377279.fastq.gz
